learning evaluation instances,evaluation time (cpu seconds),model cost (RAM-Hours),classified instances,classifications correct (percent),Kappa Statistic (percent),Kappa Temporal Statistic (percent),Kappa M Statistic (percent),model training instances,model serialized size (bytes)
100.0,6.699574615,3.12742649335179E-5,100.0,52.0,4.0000000000000036,51.515151515151516,4.0000000000000036,100.0,1.8044392E7
200.0,13.116381185,6.125896624661451E-5,200.0,48.0,-4.0000000000000036,47.73869346733668,-4.0000000000000036,200.0,1.806272E7
300.0,19.476969782,9.099814894974853E-5,300.0,48.333333333333336,-3.3333333333333326,48.16053511705685,-3.3333333333333326,300.0,1.807316E7
400.0,25.874263767,1.2092886191516136E-4,400.0,52.25,4.499999999999993,52.130325814536334,4.499999999999993,400.0,1.8085192E7
500.0,32.401678225,1.514918152320004E-4,500.0,57.4,14.79999999999999,57.31462925851702,14.79999999999999,500.0,1.809908E7
600.0,38.959242303,1.822104037504204E-4,600.0,62.33333333333333,24.666666666666657,62.270450751252085,24.666666666666657,600.0,1.8107608E7
700.0,45.606008221,2.133587255173446E-4,700.0,64.85714285714286,29.714285714285715,64.8068669527897,29.714285714285715,700.0,1.8114512E7
800.0,52.324928357,2.4486986135558353E-4,800.0,66.25,32.49999999999999,66.20775969962452,32.49999999999999,800.0,1.8128712E7
900.0,59.099435589,2.766536412296494E-4,900.0,67.22222222222223,34.44444444444446,67.18576195773082,34.44444444444446,900.0,1.8135528E7
1000.0,65.959646247,3.088586240600738E-4,1000.0,68.4,36.80000000000001,68.36836836836837,36.80000000000001,1000.0,1.8146296E7
1100.0,72.914770314,3.4151920694115923E-4,1100.0,69.54545454545455,39.090909090909086,69.51774340309372,39.090909090909086,1100.0,1.8151776E7
1200.0,79.882038837,3.742463214504274E-4,1200.0,70.66666666666667,41.333333333333336,70.64220183486239,41.333333333333336,1200.0,1.8157144E7
1300.0,86.912367902,4.0728187011606764E-4,1300.0,72.0,43.99999999999999,71.97844495765973,43.99999999999999,1300.0,1.8163864E7
1400.0,93.887356233,4.400641570912888E-4,1400.0,72.92857142857143,45.85714285714286,72.90922087205148,45.85714285714286,1400.0,1.8167624E7
1500.0,100.906068501,4.730598041270109E-4,1500.0,74.0,48.0,73.98265510340227,48.0,1500.0,1.8171952E7
1600.0,107.996846552,5.064002121691773E-4,1600.0,74.875,49.75000000000001,74.85928705440901,49.75000000000001,1600.0,1.8175208E7
1700.0,115.100989928,5.398104763823703E-4,1700.0,75.47058823529412,50.941176470588246,75.45615067686875,50.941176470588246,1700.0,1.8179024E7
1800.0,122.199508376,5.732004425578666E-4,1800.0,76.05555555555556,52.11111111111111,76.04224569205114,52.11111111111111,1800.0,1.8182376E7
1900.0,129.376383499,6.069657851778307E-4,1900.0,76.42105263157895,52.84210526315789,76.40863612427593,52.84210526315789,1900.0,1.818604E7
2000.0,136.537074315,6.40661653729134E-4,2000.0,76.9,53.800000000000004,76.88844422211106,53.800000000000004,2000.0,1.818964E7
2100.0,143.747447622,6.745974897995406E-4,2100.0,77.42857142857143,54.85714285714285,77.41781800857551,54.85714285714285,2100.0,1.8192952E7
2200.0,150.999178839,7.087346567612875E-4,2200.0,77.9090909090909,55.81818181818181,77.89904502046384,55.81818181818181,2200.0,1.8196512E7
2300.0,158.257158171,7.429070496033633E-4,2300.0,78.43478260869566,56.869565217391305,78.42540234884733,56.869565217391305,2300.0,1.8199608E7
2400.0,165.496576461,7.769987646578416E-4,2400.0,78.66666666666666,57.33333333333333,78.65777407253022,57.33333333333333,2400.0,1.8203192E7
2500.0,172.800274049,8.113982915507387E-4,2500.0,79.12,58.24,79.11164465786314,58.24,2500.0,1.8205896E7
2600.0,180.082815433,8.457029380458006E-4,2600.0,79.5,59.00000000000001,79.4921123509042,59.00000000000001,2600.0,1.8208424E7
2700.0,187.416183993,8.802520160655886E-4,2700.0,80.0,60.00000000000001,79.99258984809188,60.00000000000001,2700.0,1.8211064E7
2800.0,194.789382396,9.149943718477693E-4,2800.0,80.39285714285714,60.785714285714285,80.38585209003215,60.785714285714285,2800.0,1.8214016E7
2900.0,202.173327708,9.497932961990204E-4,2900.0,80.58620689655173,61.17241379310345,80.57951017592274,61.17241379310345,2900.0,1.821712E7
3000.0,209.555419304,9.845879761285117E-4,3000.0,80.83333333333333,61.66666666666667,80.8269423141047,61.66666666666667,3000.0,1.8219472E7
3100.0,216.97277484,0.001019571050972652,3100.0,80.61290322580645,61.22580645161291,80.40430388001305,60.82138200782269,3100.0,1.8231032E7
3200.0,224.464314615,0.0010549165501210172,3200.0,80.6875,61.375,80.27449728694542,60.56158264199107,3200.0,1.8237504E7
3300.0,231.938964241,0.001090187929659854,3300.0,80.75757575757576,61.51515151515152,80.15625,60.312500000000014,3300.0,1.8240384E7
3400.0,239.429404545,0.0011255391705351765,3400.0,80.73529411764706,61.47058823529412,79.95102540557086,59.91432068543452,3400.0,1.8243144E7
3500.0,247.030237028,0.001161417591064384,3500.0,80.97142857142858,61.94285714285714,80.01800180018002,60.04799040191961,3500.0,1.8246288E7
3600.0,254.539181938,0.0011968669187584857,3600.0,81.22222222222221,62.444444444444436,80.11764705882352,60.23529411764705,3600.0,1.824868E7
3700.0,262.090296214,0.0012325226708560096,3700.0,81.1891891891892,62.378378378378386,79.92500721084511,59.86159169550174,3700.0,1.825244E7
3800.0,269.672369332,0.0012683317479218765,3800.0,81.23684210526316,62.47368421052633,79.81885083498443,59.64912280701755,3800.0,1.825608E7
3900.0,277.275650545,0.0013042476913198613,3900.0,81.35897435897435,62.717948717948715,79.80555555555554,59.6111111111111,3900.0,1.8259488E7
4000.0,284.860277317,0.0013400795972087459,4000.0,81.625,63.25000000000001,79.95636760294519,59.92366412213741,4000.0,1.8261568E7
4100.0,292.931650075,0.0013782149366328032,4100.0,81.82926829268293,63.658536585365844,80.04286096972943,60.096411355115144,4100.0,1.826344E7
4200.0,300.91763199,0.0014159516339910857,4200.0,82.07142857142857,64.14285714285714,80.1842105263158,60.36842105263158,4200.0,1.8265768E7
4300.0,308.688409035,0.0014526749313611346,4300.0,82.32558139534883,64.65116279069767,80.34652185156452,60.703205791106505,4300.0,1.826752E7
4400.0,316.411335291,0.0014891756108428615,4400.0,82.52272727272727,65.04545454545453,80.44749555047036,60.90493136756481,4400.0,1.826928E7
4500.0,324.134856201,0.0015256830650148788,4500.0,82.75555555555556,65.51111111111112,80.60000000000001,61.20000000000001,4500.0,1.8271264E7
4600.0,331.896528414,0.0015623814221982916,4600.0,82.76086956521739,65.52173913043478,80.49200492004921,61.317073170731696,4600.0,1.8276528E7
4700.0,339.69099756,0.0015992415105292085,4700.0,82.8936170212766,65.7844645822849,80.54211035818007,61.6960457360648,4700.0,1.8279832E7
4800.0,347.497430264,0.0016361646047756816,4800.0,82.875,65.74732995679697,80.41924726060029,61.749651000465335,4800.0,1.8283016E7
4900.0,355.308692502,0.0016731156180908122,4900.0,82.97959183673468,65.95918367346938,80.44548651817117,62.090909090909086,4900.0,1.8285528E7
5000.0,363.075793372,0.001709862227928653,5000.0,83.12,66.23755289783404,80.51708217913203,62.472209871053806,5000.0,1.8287768E7
5100.0,370.857773757,0.001746684951123849,5100.0,83.29411764705881,66.58589720618666,80.6275579809004,62.940408873423216,5100.0,1.8290608E7
5200.0,378.721984257,0.00178390100194397,5200.0,83.40384615384615,66.8076923076923,80.67189249720045,63.27659574468084,5200.0,1.8292688E7
5300.0,386.560757958,0.0018210037344790796,5300.0,83.54716981132076,67.09216997859737,80.75904677846425,63.65152146727804,5300.0,1.8296168E7
5400.0,394.438580734,0.00185829617022779,5400.0,83.61111111111111,67.220144815762,80.75250108742932,63.86280114332381,5400.0,1.829856E7
5500.0,402.293978276,0.0018954859599063531,5500.0,83.72727272727273,67.45454545454545,80.81457663451232,64.2,5500.0,1.8300288E7
5600.0,410.13949853,0.0019326326733934364,5600.0,83.91071428571428,67.81953222243453,80.95942519019441,64.65280502157708,5600.0,1.8302104E7
5700.0,418.025358366,0.001969974237084528,5700.0,84.0,67.99817582707391,80.99208003334722,64.90958060792612,5700.0,1.8303992E7
5800.0,425.891239933,0.0020072271404958718,5800.0,84.08620689655173,68.17241379310346,81.02774922918809,65.16981132075472,5800.0,1.8306912E7
5900.0,433.766785721,0.0020445311599284473,5900.0,84.15254237288136,68.30335103649449,81.04217356042173,65.3575398295665,5900.0,1.8309536E7
5995.0,441.281723017,0.00208013315435558,5995.0,84.20350291909925,68.40615929263818,81.04104104104104,65.5260283946123,5995.0,1.8312656E7
