learning evaluation instances,evaluation time (cpu seconds),model cost (RAM-Hours),classified instances,classifications correct (percent),Kappa Statistic (percent),Kappa Temporal Statistic (percent),Kappa M Statistic (percent),model training instances,model serialized size (bytes)
100.0,6.390762399,2.9832699518861975E-5,100.0,52.0,4.0000000000000036,51.515151515151516,4.0000000000000036,100.0,1.8044392E7
200.0,12.540676727,5.857025646632242E-5,200.0,48.0,-4.0000000000000036,47.73869346733668,-4.0000000000000036,200.0,1.806272E7
300.0,18.599649911,8.689922441707976E-5,300.0,48.333333333333336,-3.3333333333333326,48.16053511705685,-3.3333333333333326,300.0,1.807316E7
400.0,24.71794834,1.1552461423729375E-4,400.0,52.25,4.499999999999993,52.130325814536334,4.499999999999993,400.0,1.8085192E7
500.0,30.843727566,1.4420701302140056E-4,500.0,57.4,14.79999999999999,57.31462925851702,14.79999999999999,500.0,1.809908E7
600.0,37.094810041,1.7348990344536987E-4,600.0,62.33333333333333,24.666666666666657,62.270450751252085,24.666666666666657,600.0,1.8107608E7
700.0,43.396292189,2.0302014356152748E-4,700.0,64.85714285714286,29.714285714285715,64.8068669527897,29.714285714285715,700.0,1.8114512E7
800.0,49.819571562,2.331447506044175E-4,800.0,66.25,32.49999999999999,66.20775969962452,32.49999999999999,800.0,1.8128712E7
900.0,56.264984218,2.6338452599179176E-4,900.0,67.22222222222223,34.44444444444446,67.18576195773082,34.44444444444446,900.0,1.8135528E7
1000.0,62.766433181,2.93905316484155E-4,1000.0,68.4,36.80000000000001,68.36836836836837,36.80000000000001,1000.0,1.8146296E7
1100.0,69.363094303,3.24882592408788E-4,1100.0,69.54545454545455,39.090909090909086,69.51774340309372,39.090909090909086,1100.0,1.8151872E7
1200.0,76.015378725,3.561302253719733E-4,1200.0,70.66666666666667,41.333333333333336,70.64220183486239,41.333333333333336,1200.0,1.8157192E7
1300.0,82.670651138,3.874034637446931E-4,1300.0,72.0,43.99999999999999,71.97844495765973,43.99999999999999,1300.0,1.8163912E7
1400.0,89.361312119,4.1884950170514043E-4,1400.0,72.92857142857143,45.85714285714286,72.90922087205148,45.85714285714286,1400.0,1.8167672E7
1500.0,96.066990875,4.503736311121117E-4,1500.0,74.0,48.0,73.98265510340227,48.0,1500.0,1.8172E7
1600.0,102.836755282,4.82204736547615E-4,1600.0,74.875,49.75000000000001,74.85928705440901,49.75000000000001,1600.0,1.8175256E7
1700.0,109.659796612,5.142930832227169E-4,1700.0,75.47058823529412,50.941176470588246,75.45615067686875,50.941176470588246,1700.0,1.8179072E7
1800.0,116.532512818,5.466210075834355E-4,1800.0,76.05555555555556,52.11111111111111,76.04224569205114,52.11111111111111,1800.0,1.8182424E7
1900.0,123.378962821,5.788318704275206E-4,1900.0,76.42105263157895,52.84210526315789,76.40863612427593,52.84210526315789,1900.0,1.8186088E7
2000.0,130.245952492,6.111457627387076E-4,2000.0,76.9,53.800000000000004,76.88844422211106,53.800000000000004,2000.0,1.8189688E7
2100.0,137.178718036,6.43775115717964E-4,2100.0,77.42857142857143,54.85714285714285,77.41781800857551,54.85714285714285,2100.0,1.8193E7
2200.0,144.121836718,6.764595906127756E-4,2200.0,77.9090909090909,55.81818181818181,77.89904502046384,55.81818181818181,2200.0,1.819656E7
2300.0,151.050720788,7.090826061995488E-4,2300.0,78.43478260869566,56.869565217391305,78.42540234884733,56.869565217391305,2300.0,1.8199656E7
2400.0,158.062272138,7.421013421603924E-4,2400.0,78.66666666666666,57.33333333333333,78.65777407253022,57.33333333333333,2400.0,1.820324E7
2500.0,165.031393364,7.749251416410163E-4,2500.0,79.12,58.24,79.11164465786314,58.24,2500.0,1.8205944E7
2600.0,172.044235568,8.079594485173653E-4,2600.0,79.5,59.00000000000001,79.4921123509042,59.00000000000001,2600.0,1.8208472E7
2700.0,179.115185923,8.412723056842667E-4,2700.0,80.0,60.00000000000001,79.99258984809188,60.00000000000001,2700.0,1.8211112E7
2800.0,186.178370224,8.74553969246906E-4,2800.0,80.39285714285714,60.785714285714285,80.38585209003215,60.785714285714285,2800.0,1.8214064E7
2900.0,193.236511793,9.078175392370418E-4,2900.0,80.58620689655173,61.17241379310345,80.57951017592274,61.17241379310345,2900.0,1.8217168E7
3000.0,200.329059767,9.412475751003341E-4,3000.0,80.83333333333333,61.66666666666667,80.8269423141047,61.66666666666667,3000.0,1.821952E7
3100.0,207.465521014,9.749059340701003E-4,3100.0,80.61290322580645,61.22580645161291,80.40430388001305,60.82138200782269,3100.0,1.823108E7
3200.0,214.632200823,0.001008718814918321,3200.0,80.6875,61.375,80.27449728694542,60.56158264199107,3200.0,1.8237552E7
3300.0,221.882580447,0.0010429319090851982,3300.0,80.75757575757576,61.51515151515152,80.15625,60.312500000000014,3300.0,1.8240384E7
3400.0,229.113186486,0.0010770568584053002,3400.0,80.73529411764706,61.47058823529412,79.95102540557086,59.91432068543452,3400.0,1.8243144E7
3500.0,236.36875199,0.0011113055056307128,3500.0,80.97142857142858,61.94285714285714,80.01800180018002,60.04799040191961,3500.0,1.8246288E7
3600.0,243.650975167,0.0011456844921377608,3600.0,81.22222222222221,62.444444444444436,80.11764705882352,60.23529411764705,3600.0,1.824868E7
3700.0,250.921424661,0.0011800149677894886,3700.0,81.1891891891892,62.378378378378386,79.92500721084511,59.86159169550174,3700.0,1.825244E7
3800.0,258.187215996,0.0012143302899725267,3800.0,81.23684210526316,62.47368421052633,79.81885083498443,59.64912280701755,3800.0,1.825608E7
3900.0,265.4763467,0.0012487622672269997,3900.0,81.35897435897435,62.717948717948715,79.80555555555554,59.6111111111111,3900.0,1.8259488E7
4000.0,272.77733903,0.001283254204395194,4000.0,81.625,63.25000000000001,79.95636760294519,59.92366412213741,4000.0,1.8261568E7
4100.0,280.066377267,0.0013176931970643674,4100.0,81.82926829268293,63.658536585365844,80.04286096972943,60.096411355115144,4100.0,1.826344E7
4200.0,287.385749734,0.0013522799199720318,4200.0,82.07142857142857,64.14285714285714,80.1842105263158,60.36842105263158,4200.0,1.8265768E7
4300.0,294.741201842,0.0013870404662454626,4300.0,82.32558139534883,64.65116279069767,80.34652185156452,60.703205791106505,4300.0,1.826752E7
4400.0,302.097156033,0.0014218067345364953,4400.0,82.52272727272727,65.04545454545453,80.44749555047036,60.90493136756481,4400.0,1.826928E7
4500.0,309.475110897,0.0014566807709014324,4500.0,82.75555555555556,65.51111111111112,80.60000000000001,61.20000000000001,4500.0,1.8271264E7
4600.0,316.87871901,0.0014916861470009046,4600.0,82.76086956521739,65.52173913043478,80.49200492004921,61.317073170731696,4600.0,1.8276528E7
4700.0,324.263161413,0.0015266072165632664,4700.0,82.8936170212766,65.7844645822849,80.54211035818007,61.6960457360648,4700.0,1.8279832E7
4800.0,331.674004078,0.001561659237446681,4800.0,82.875,65.74732995679697,80.41924726060029,61.749651000465335,4800.0,1.8283016E7
4900.0,339.106373398,0.001596817905705219,4900.0,82.97959183673468,65.95918367346938,80.44548651817117,62.090909090909086,4900.0,1.8285528E7
5000.0,346.558553872,0.001632074608676202,5000.0,83.12,66.23755289783404,80.51708217913203,62.472209871053806,5000.0,1.8287768E7
5100.0,354.022913051,0.001667394413954513,5100.0,83.29411764705881,66.58589720618666,80.6275579809004,62.940408873423216,5100.0,1.8290608E7
5200.0,361.494004582,0.0017027500955069678,5200.0,83.40384615384615,66.8076923076923,80.67189249720045,63.27659574468084,5200.0,1.8292688E7
5300.0,369.017854305,0.0017383622198716775,5300.0,83.54716981132076,67.09216997859737,80.75904677846425,63.65152146727804,5300.0,1.8296168E7
5400.0,376.544920522,0.0017739942264876334,5400.0,83.61111111111111,67.220144815762,80.75250108742932,63.86280114332381,5400.0,1.829856E7
5500.0,384.049303911,0.001809522210706387,5500.0,83.72727272727273,67.45454545454545,80.81457663451232,64.2,5500.0,1.8300288E7
5600.0,391.578621045,0.0018451717759710344,5600.0,83.91071428571428,67.81953222243453,80.95942519019441,64.65280502157708,5600.0,1.8302104E7
5700.0,399.087012601,0.0018807259307920571,5700.0,84.0,67.99817582707391,80.99208003334722,64.90958060792612,5700.0,1.8303992E7
5800.0,406.605325414,0.001916332744682312,5800.0,84.08620689655173,68.17241379310346,81.02774922918809,65.16981132075472,5800.0,1.8306912E7
5900.0,414.144443577,0.0019520432107284318,5900.0,84.15254237288136,68.30335103649449,81.04217356042173,65.3575398295665,5900.0,1.8309536E7
5995.0,421.364358293,0.0019862475365077332,5995.0,84.20350291909925,68.40615929263818,81.04104104104104,65.5260283946123,5995.0,1.8312656E7
