learning evaluation instances,evaluation time (cpu seconds),model cost (RAM-Hours),classified instances,classifications correct (percent),Kappa Statistic (percent),Kappa Temporal Statistic (percent),Kappa M Statistic (percent),model training instances,model serialized size (bytes)
100.0,10.446055459,6.603291225901527E-5,100.0,100.0,?,?,?,100.0,2.4434896E7
200.0,23.498999968,1.5399889973283015E-4,200.0,98.5,65.9863945578232,25.0,50.0,200.0,2.6050056E7
300.0,37.718906027,2.4988641898942237E-4,300.0,99.0,66.21621621621627,24.99999999999979,50.0,300.0,2.60656E7
400.0,52.160931779,3.472969599652619E-4,400.0,99.25,66.32996632996662,25.000000000000554,50.00000000000037,400.0,2.6072352E7
500.0,66.809557599,4.461208324391855E-4,500.0,99.0,54.145267791636165,16.666666666666664,37.5,500.0,2.6077584E7
600.0,81.622949139,5.460807271695924E-4,600.0,98.83333333333333,45.7364341085271,12.49999999999948,29.999999999999932,600.0,2.6083968E7
700.0,96.591270684,6.471421825669507E-4,700.0,97.42857142857143,30.093209054594073,-50.0,18.181818181818375,700.0,2.6098456E7
800.0,111.82846001,7.501980683196277E-4,800.0,85.25,5.4335630710049765,-807.6923076923082,3.2786885245901676,800.0,2.6143896E7
900.0,127.055526443,8.532539684201207E-4,900.0,78.11111111111111,3.0575421560265723,-603.5714285714291,1.9900497512437936,900.0,2.616128E7
1000.0,142.221441238,9.559335371978342E-4,1000.0,74.7,2.295477014335127,-295.31250000000034,1.5564202334630364,1000.0,2.6170848E7
1100.0,157.439958008,0.0010590078892824249,1100.0,70.81818181818181,1.7255775118285261,-234.37500000000006,1.2307692307692013,1100.0,2.6180664E7
1200.0,172.612221396,0.001161797449569755,1200.0,70.41666666666667,1.5547873028785082,-203.41880341880326,1.1142061281337303,1200.0,2.618792E7
1300.0,187.863744877,0.0012651430172789578,1300.0,68.07692307692308,1.2895482190036152,-231.99999999999997,0.9546539379474975,1300.0,2.6192744E7
1400.0,203.115905984,0.001368531479196956,1400.0,66.14285714285715,1.0992941625334243,-226.89655172413802,0.8368200836820183,1400.0,2.620252E7
1500.0,218.466419558,0.001472607697382127,1500.0,64.60000000000001,0.9599363358285189,-196.6480446927375,0.7476635514018801,1500.0,2.6207824E7
1600.0,234.005468191,0.0015779799321833372,1600.0,63.125,0.8453355293010438,-164.5739910313901,0.673400673400659,1600.0,2.621224E7
1700.0,249.524287023,0.0016832287647222514,1700.0,61.82352941176471,0.7534569424904439,-170.41666666666652,0.6125574272588264,1700.0,2.6215672E7
1800.0,265.059312363,0.001788632168273752,1800.0,61.33333333333333,0.697526949904862,-145.07042253521126,0.5714285714285466,1800.0,2.6226784E7
1900.0,280.644866573,0.0018943920488054882,1900.0,60.10526315789474,1.5476743868092235,-150.99337748344374,1.3020833333333375,1900.0,2.6230168E7
2000.0,296.199744777,0.0019999575154064767,2000.0,60.25,1.9119156664560908,-138.0239520958083,1.6089108910891239,2000.0,2.6233584E7
2100.0,311.918841548,0.002106660378205223,2100.0,59.0,2.7514231499051354,-132.07547169811326,2.3809523809523827,2100.0,2.6239216E7
2200.0,327.606597792,0.002213160011217744,2200.0,57.86363636363636,3.305644060081938,-132.91457286432163,2.9319371727748624,2200.0,2.624156E7
2300.0,343.262528042,0.0023194548625335223,2300.0,57.913043478260875,5.146153485657337,-137.83783783783778,4.63054187192119,2300.0,2.6244344E7
2400.0,358.972590978,0.0024261387029618814,2400.0,57.91666666666667,5.992293229583595,-134.33874709976797,5.430711610486893,2400.0,2.6249624E7
2500.0,374.785283698,0.002533530411865539,2500.0,58.28,7.364644024442252,-127.23311546840961,6.708407871198574,2500.0,2.6252296E7
2600.0,390.654346426,0.002641320491586526,2600.0,57.49999999999999,9.805320136174167,-140.74074074074076,9.277504105090308,2600.0,2.625608E7
2700.0,406.574637556,0.0027494770557046316,2700.0,56.925925925925924,12.00553730958491,-153.37690631808275,11.760242792109246,2700.0,2.6260576E7
2800.0,422.512406508,0.0028577663762565444,2800.0,57.03571428571429,14.99649225520232,-162.09150326797385,12.95224312590449,2800.0,2.6263976E7
2900.0,438.443044694,0.0029660335239535514,2900.0,56.72413793103448,16.6481923914079,-173.42047930283232,9.18958031837915,2900.0,2.6270352E7
3000.0,454.448709591,0.0030748262334181218,3000.0,56.599999999999994,18.274670755304392,-183.66013071895424,5.788712011577413,3000.0,2.6274136E7
3100.0,470.47721835,0.00318378775021891,3100.0,56.96774193548387,20.423739641654752,-190.63180827886708,3.4732272069464583,3100.0,2.62774E7
3200.0,486.50696917,0.0032927636157252275,3200.0,56.99999999999999,21.56102677528031,-197.19222462203035,0.8645533141210191,3200.0,2.6278824E7
3300.0,502.506749023,0.0034015458938546064,3300.0,57.757575757575765,23.05517874675718,-194.71458773784354,1.9000703729768018,3300.0,2.628128E7
3400.0,518.549039777,0.003510621153946615,3400.0,58.5,25.03083215244991,-195.80712788259967,1.1212333566923471,3400.0,2.6282232E7
3500.0,534.490844257,0.003619016978751031,3500.0,59.11428571428572,25.95186997216376,-194.44444444444431,2.785326086956539,3500.0,2.6283152E7
3600.0,550.494434333,0.003727839768947601,3600.0,59.833333333333336,27.063936748393292,-193.30628803245438,4.554455445544554,3600.0,2.6284808E7
3700.0,566.462860868,0.003836433761714218,3700.0,60.48648648648649,28.050894010270856,-194.16498993963788,6.342088404868688,3700.0,2.6287304E7
3800.0,582.518108993,0.003945623505039049,3800.0,60.94736842105263,29.079423449618485,-186.4864864864866,6.372239747634064,3800.0,2.6288584E7
3900.0,598.537112479,0.004054570466225546,3900.0,61.38461538461538,29.63299751641644,-181.49532710280386,8.00244349419669,3900.0,2.628948E7
4000.0,614.652199674,0.004164177439992395,4000.0,61.875,30.978329005712286,-185.04672897196252,6.841783750763598,4000.0,2.6291048E7
4100.0,630.748129431,0.0042736654070425675,4100.0,62.48780487804878,32.292978625763716,-186.40595903165735,6.61809350333941,4100.0,2.629376E7
4200.0,646.823687675,0.004383017930077616,4200.0,63.023809523809526,33.30609380214776,-183.91224862888475,6.894484412470028,4200.0,2.6294512E7
4300.0,662.98570579,0.004492965177976452,4300.0,63.51162790697674,34.37598484170553,-186.31386861313865,6.0479041916167615,4300.0,2.6296088E7
4400.0,679.047755183,0.0046022360468507455,4400.0,64.0909090909091,35.27455060874695,-183.1541218637993,7.494145199063223,4400.0,2.6296976E7
4500.0,695.13869306,0.004711709306558837,4500.0,64.71111111111111,36.271775816485544,-183.0659536541889,8.788052843193547,4500.0,2.6298384E7
4600.0,711.306659764,0.004821711677675271,4600.0,65.19565217391305,37.205129455693665,-184.8754448398577,8.357183743560388,4600.0,2.6299592E7
4700.0,727.378262378,0.004931061939950586,4700.0,65.85106382978724,38.194112844842195,-184.070796460177,10.28507546115148,4700.0,2.630044E7
4800.0,743.607093296,0.005041586195921211,4800.0,66.3125,38.949454905847375,-180.24263431542457,10.90909090909091,4800.0,2.6325264E7
4900.0,759.859463936,0.005152278266809637,4900.0,66.79591836734694,39.77737503293538,-179.07375643224702,11.14145275805572,4900.0,2.6327048E7
5000.0,776.11373368,0.0052629873762366575,5000.0,67.28,40.60880764122143,-176.81895093062616,11.038607939097327,5000.0,2.6328024E7
5100.0,792.391675515,0.005373865533966802,5100.0,67.6078431372549,41.16493594427721,-178.58347386171997,10.799136069114462,5100.0,2.632988E7
5200.0,808.693596627,0.00548491235864266,5200.0,68.11538461538461,41.98965212092764,-177.72194304857635,10.668103448275843,5200.0,2.6331144E7
5300.0,825.001227433,0.005596001992144366,5300.0,68.62264150943396,42.785786098722696,-175.7877280265341,10.687432867883972,5300.0,2.6332072E7
5400.0,841.290282588,0.005706974390463962,5400.0,68.81481481481482,43.03660450655778,-176.51888341543517,10.615711252653941,5400.0,2.633428E7
5500.0,857.597574602,0.0058180838896017325,5500.0,69.30909090909091,43.786017758871324,-174.47154471544718,11.064278187565865,5500.0,2.6337328E7
5600.0,874.01236629,0.005929935450336698,5600.0,69.85714285714286,44.59864966241561,-173.58184764991884,11.157894736842124,5600.0,2.6339592E7
5700.0,890.380267019,0.006041472099748024,5700.0,70.3157894736842,45.260787701147194,-169.8564593301436,12.012480499219954,5700.0,2.634068E7
5800.0,906.825992409,0.006153543056083953,5800.0,70.77586206896552,45.937830980245955,-165.25821596244114,12.583806085611169,5800.0,2.6341616E7
5900.0,923.211058647,0.006265207698282528,5900.0,71.13559322033899,46.47887834106842,-163.2148377125193,13.421453990849031,5900.0,2.634328E7
6000.0,939.622220837,0.006377064008662704,6000.0,71.48333333333333,46.92163035077637,-160.4261796042617,13.890286864620041,6000.0,2.6346536E7
6100.0,955.958014365,0.00648841398649963,6100.0,71.70491803278689,47.179666293647664,-157.22801788375557,14.849531327084383,6100.0,2.634828E7
6200.0,972.350164515,0.006600155708307535,6200.0,71.91935483870968,47.396583619071386,-152.6850507982584,15.69007263922518,6200.0,2.6350072E7
6300.0,988.759593727,0.006712020040191298,6300.0,72.3015873015873,47.9712404269638,-149.64234620886992,16.785884597043392,6300.0,2.6351208E7
6400.0,1005.164911555,0.006823859807615451,6400.0,72.671875,48.52791189120378,-147.38330975954742,17.461066540821125,6400.0,2.6352024E7
6500.0,1021.560267858,0.006935637636478673,6500.0,73.07692307692307,49.163124472357914,-145.09803921568638,18.793503480278414,6500.0,2.6353432E7
6600.0,1037.999836785,0.007047730943288219,6600.0,73.24242424242425,49.34523778481243,-144.59833795013856,19.360730593607297,6600.0,2.6356736E7
6700.0,1054.453014011,0.007159922214213944,6700.0,73.61194029850746,49.914781219649655,-141.86046511627904,20.467836257309944,6700.0,2.6357952E7
6800.0,1070.928170631,0.007272272326225386,6800.0,73.86764705882352,50.292471273247585,-140.46008119079846,20.775746767721788,6800.0,2.6360056E7
6900.0,1087.439521239,0.007384873700622219,6900.0,74.23188405797102,50.79033808829114,-139.9460188933874,20.801781737193757,6900.0,2.6361096E7
7000.0,1103.933186367,0.0074973611570466865,7000.0,74.41428571428571,51.05325493316975,-139.1188251001336,21.41290039491005,7000.0,2.6362664E7
7100.0,1120.483560567,0.007610239207920196,7100.0,74.77464788732394,51.574693581724716,-138.16489361702128,21.858638743455476,7100.0,2.636356E7
7200.0,1136.988753876,0.007722811982212094,7200.0,75.09722222222223,52.03488372093024,-138.11420982735714,22.212581344902393,7200.0,2.6364232E7
7300.0,1153.453883707,0.007835124079893434,7300.0,75.32876712328768,52.38446715135593,-137.91281373844112,22.935387248609352,7300.0,2.6367184E7
7400.0,1170.02356045,0.00794815061707176,7400.0,75.66216216216216,52.81813190757999,-137.9128137384412,22.935387248609338,7400.0,2.6367488E7
7500.0,1186.619819755,0.008061361332421538,7500.0,75.96000000000001,53.19733257503033,-137.54940711462456,22.915775972637885,7500.0,2.6368152E7
7600.0,1203.20351208,0.008174488450568368,7600.0,76.27631578947368,53.594951945708104,-137.54940711462447,22.91577597263787,7600.0,2.6368648E7
7700.0,1219.81465425,0.008287807289458013,7700.0,76.53246753246754,53.892172787159645,-138.07641633728602,22.744762719110728,7700.0,2.6369688E7
7800.0,1236.469986611,0.008401429173136517,7800.0,76.83333333333333,54.25817077079391,-138.07641633728588,22.74476271911071,7800.0,2.6370056E7
7900.0,1253.127021813,0.008515065052186356,7900.0,77.10126582278481,54.568424350772695,-138.33992094861648,22.659256092347167,7900.0,2.6370608E7
8000.0,1269.774605224,0.008628640791414332,8000.0,77.35,54.8453162388466,-138.73517786561257,22.530996152201798,8000.0,2.6371616E7
8100.0,1286.416755782,0.008742182772283724,8100.0,77.62962962962962,55.170409073529726,-138.7351778656126,22.530996152201798,8100.0,2.6372384E7
8200.0,1303.05068993,0.008855671071619548,8200.0,77.90243902439025,55.48309310889763,-138.73517786561268,22.530996152201812,8200.0,2.6372936E7
8300.0,1319.653189251,0.008968947512050488,8300.0,78.144578313253,55.74468715501316,-138.99868247694326,22.445489525438223,8300.0,2.6373544E7
8400.0,1336.268514359,0.009082354788799072,8400.0,78.36904761904762,55.97640722163675,-139.39393939393958,22.317229585292864,8400.0,2.6383624E7
8500.0,1352.884443091,0.009195769555625845,8500.0,78.5764705882353,56.17934012374024,-139.92094861660073,22.14621633176569,8500.0,2.6384408E7
8600.0,1369.513707165,0.009309277237913794,8600.0,78.82558139534885,56.450283479439,-139.92094861660075,22.146216331765743,8600.0,2.6384848E7
8700.0,1386.156894748,0.009422882266801769,8700.0,79.06896551724138,56.71178184270364,-139.9209486166009,22.146216331765707,8700.0,2.6385384E7
8800.0,1402.812226178,0.009536573980286673,8800.0,79.2840909090909,56.96005288506941,-138.92529488859773,22.260127931769723,8800.0,2.6386264E7
8900.0,1419.474234237,0.009650315510917521,8900.0,79.51685393258427,57.23882016283971,-138.30065359477118,22.45852828583582,8900.0,2.6387248E7
9000.0,1436.125529717,0.009763990116290797,9000.0,79.7,57.40186782045439,-138.82352941176475,22.28838792003405,9000.0,2.6388688E7
9100.0,1452.794119659,0.00987779047994316,9100.0,79.85714285714286,57.52143779095892,-139.60784313725475,22.033177371331362,9100.0,2.6390472E7
9200.0,1469.438513233,0.009991429059615605,9200.0,80.0,57.61701676776775,-140.52287581699326,21.73543173117823,9200.0,2.6391264E7
9300.0,1486.065618587,0.010104958827318846,9300.0,80.0,57.57946016000622,-139.07455012853475,21.91435768261966,9300.0,2.6393408E7
9324.0,1490.77306887,0.010137101394025667,9324.0,80.04075504075504,57.63358778625955,-137.97953964194372,22.03602848764138,9324.0,2.6393512E7
