learning evaluation instances,evaluation time (cpu seconds),model cost (RAM-Hours),classified instances,classifications correct (percent),Kappa Statistic (percent),Kappa Temporal Statistic (percent),Kappa M Statistic (percent),model training instances,model serialized size (bytes)
100.0,8.519322597,5.3430248183695215E-5,100.0,100.0,?,?,?,100.0,2.4242896E7
200.0,18.846199869,1.2251434792250515E-4,200.0,98.5,65.9863945578232,25.0,50.0,200.0,2.5858984E7
300.0,30.180676632,1.9838188149637478E-4,300.0,99.0,66.21621621621627,24.99999999999979,50.0,300.0,2.58736E7
400.0,41.545364842,2.744717224013154E-4,400.0,99.25,66.32996632996662,25.000000000000554,50.00000000000037,400.0,2.5880432E7
500.0,52.938385516,3.5076648933665276E-4,500.0,99.0,54.145267791636165,16.666666666666664,37.5,500.0,2.58856E7
600.0,64.349184101,4.2719948431729825E-4,600.0,98.66666666666667,42.3076923076929,0.0,20.0000000000004,600.0,2.5892096E7
700.0,75.827199623,5.041259290435157E-4,700.0,97.28571428571429,28.800856531049252,-58.333333333333435,13.636363636363779,700.0,2.5906648E7
800.0,87.529478273,5.826930619659841E-4,800.0,85.25,6.475390346358065,-807.6923076923082,3.2786885245901676,800.0,2.595212E7
900.0,99.197025622,6.610797281555096E-4,900.0,78.11111111111111,3.5826155050900983,-603.5714285714291,1.9900497512437936,900.0,2.5969584E7
1000.0,110.872374249,7.395477054492312E-4,1000.0,74.7,2.660859662352423,-295.31250000000034,1.5564202334630364,1000.0,2.5979152E7
1100.0,122.707517086,8.191196369438217E-4,1100.0,70.81818181818181,1.9711271515824247,-234.37500000000006,1.2307692307692013,1100.0,2.5988952E7
1200.0,134.43302232,8.979764456381477E-4,1200.0,70.41666666666667,1.7736089206164818,-203.41880341880326,1.1142061281337303,1200.0,2.5996208E7
1300.0,146.318085822,9.77921055435889E-4,1300.0,68.07692307692308,1.4561475290060315,-231.99999999999997,0.9546539379474975,1300.0,2.6001E7
1400.0,158.459159195,0.0010596183650448466,1400.0,66.14285714285715,1.2300108355262604,-226.89655172413802,0.8368200836820183,1400.0,2.601076E7
1500.0,170.69676164,0.0011419817575318806,1500.0,64.60000000000001,1.0657325980026837,-196.6480446927375,0.7476635514018801,1500.0,2.6015984E7
1600.0,182.781158182,0.0012233274754535899,1600.0,63.125,0.9310799351853962,-164.5739910313901,0.673400673400659,1600.0,2.6020288E7
1700.0,194.778926508,0.0013041010087047398,1700.0,61.882352941176464,1.0116295160748485,-169.99999999999994,0.7656967840735042,1700.0,2.6023816E7
1800.0,206.764439649,0.0013848264403282925,1800.0,61.5,1.2820512820512833,-144.01408450704224,0.9999999999999851,1800.0,2.6034912E7
1900.0,218.848178365,0.0014662240244177503,1900.0,60.473684210526315,2.674822456067612,-148.67549668874176,2.213541666666657,1900.0,2.6038296E7
2000.0,230.904892984,0.0015474502255699175,2000.0,60.6,2.982428492632577,-135.9281437125748,2.4752475247524774,2000.0,2.6041712E7
2100.0,243.09524303,0.0016295942894016837,2100.0,59.42857142857143,3.958878167553471,-129.64959568733155,3.401360544217701,2100.0,2.604728E7
2200.0,255.353251646,0.001712201801787743,2200.0,58.31818181818181,4.506295559973469,-130.4020100502513,3.979057591623024,2200.0,2.6049656E7
2300.0,267.555326105,0.0017944411584864778,2300.0,58.34782608695652,6.255451130218746,-135.38083538083535,5.615763546798033,2300.0,2.605244E7
2400.0,279.709805076,0.0018763763341220726,2400.0,58.375,7.139736570583991,-131.7865429234339,6.460674157303359,2400.0,2.605772E7
2500.0,291.901457825,0.001958570531260331,2500.0,58.8,8.647774198583791,-124.40087145969503,7.871198568872989,2500.0,2.6060392E7
2600.0,304.645304545,0.0020445001664304917,2600.0,58.03846153846154,11.021356631019994,-137.69063180827888,10.42692939244664,2600.0,2.6064224E7
2700.0,317.4552189,0.002130890131080216,2700.0,57.51851851851851,13.244129992895687,-149.89106753812632,12.974203338391485,2700.0,2.6068704E7
2800.0,330.333325947,0.0022177513673862863,2800.0,57.67857142857142,16.253148709975417,-158.1699346405229,14.254703328509393,2800.0,2.607212E7
2900.0,344.282758382,0.0023118615121975284,2900.0,57.48275862068966,18.048078827127455,-168.6274509803922,10.781476121562948,2900.0,2.607848E7
3000.0,357.380035443,0.0024002352853268955,3000.0,57.46666666666667,19.795776748988438,-177.99564270152501,7.670043415340086,3000.0,2.6082232E7
3100.0,370.407746034,0.0024881507137634786,3100.0,57.87096774193549,21.94260083876133,-184.53159041394335,5.499276410998557,3100.0,2.6085512E7
3200.0,383.601147985,0.002577189144248425,3200.0,57.96875,23.136598265858797,-190.49676025917933,3.0979827089337157,3200.0,2.6086936E7
3300.0,396.195464294,0.002662192522107154,3300.0,58.78787878787879,24.724282557670282,-187.5264270613108,4.292751583391992,3300.0,2.6089392E7
3400.0,408.801285687,0.0027472766563403197,3400.0,59.55882352941176,26.705940785298417,-188.2599580712789,3.644008409250168,3400.0,2.6090344E7
3500.0,421.324795474,0.002831808357093117,3500.0,60.25714285714285,27.772334719780094,-186.21399176954725,5.502717391304344,3500.0,2.6091312E7
3600.0,433.911829703,0.002916773917522359,3600.0,60.97222222222223,28.887764140199927,-184.98985801217037,7.260726072607262,3600.0,2.6092872E7
3700.0,446.543846457,0.003002051539140918,3700.0,61.70270270270271,30.01258542685528,-185.11066398390346,9.224855861627173,3700.0,2.6095448E7
3800.0,459.224520736,0.0030876617374465485,3800.0,62.28947368421053,31.227930144328646,-176.64092664092672,9.589905362776033,3800.0,2.6096696E7
3900.0,471.854187496,0.003172930499564018,3900.0,62.76923076923077,31.869975940096396,-171.4018691588786,11.30116065974342,3900.0,2.6097592E7
4000.0,484.59450133,0.003258951459623599,4000.0,63.349999999999994,33.314516442679704,-174.018691588785,10.445937690897972,4000.0,2.609916E7
4100.0,497.338541575,0.003345006890354804,4100.0,64.04878048780488,34.73767100935339,-174.48789571694599,10.503946569520348,4100.0,2.6101984E7
4200.0,510.038454891,0.0034307666624757253,4200.0,64.57142857142857,35.705608722704504,-172.02925045703836,10.79136690647481,4200.0,2.6102688E7
4300.0,522.885252021,0.0035175236002467046,4300.0,65.09302325581395,36.79517260559435,-173.90510948905106,10.119760479041915,4300.0,2.610428E7
4400.0,535.620849345,0.00360353256235932,4400.0,65.70454545454545,37.75541504264762,-170.43010752688167,11.651053864168633,4400.0,2.6105184E7
4500.0,548.399424077,0.0036898364239821824,4500.0,66.26666666666667,38.66892442118852,-170.5882352941176,12.808730614589296,4500.0,2.6106592E7
4600.0,561.185317165,0.0037761936021523924,4600.0,66.82608695652173,39.69754620316006,-171.53024911032034,12.650257584430442,4600.0,2.6107768E7
4700.0,573.878582544,0.0038619281584612855,4700.0,67.48936170212765,40.71782805495604,-170.44247787610624,14.589155953046385,4700.0,2.610868E7
4800.0,586.716700873,0.003948723439946528,4800.0,68.02083333333333,41.583060990519144,-166.03119584055455,15.426997245179066,4800.0,2.6133472E7
4900.0,599.574361039,0.004035656772959169,4900.0,68.44897959183673,42.30614861364617,-165.18010291595203,15.565264882577834,4900.0,2.6135256E7
5000.0,612.49689506,0.004123032048015485,5000.0,68.94,43.136165340258835,-162.77495769881563,15.551930396954875,5000.0,2.6136248E7
5100.0,625.395572206,0.0042102520487312224,5100.0,69.35294117647058,43.81427705066997,-163.5750421585159,15.604751619870402,5100.0,2.6138056E7
5200.0,638.362001952,0.004297934428034364,5200.0,69.86538461538461,44.63589765889561,-162.47906197654947,15.571120689655174,5200.0,2.613932E7
5300.0,651.275114078,0.004385259359792884,5300.0,70.39622641509435,45.46183607424384,-160.19900497512438,15.73576799140709,5300.0,2.6140248E7
5400.0,664.241305683,0.004472950648006979,5400.0,70.66666666666667,45.83224410142927,-160.09852216748774,15.923566878980896,5400.0,2.6142456E7
5500.0,677.291205043,0.00456121845593677,5500.0,71.14545454545454,46.559558433848835,-158.0487804878049,16.385669125395157,5500.0,2.6145536E7
5600.0,690.290025309,0.004649148438766516,5600.0,71.66071428571429,47.31887752077678,-157.21231766612632,16.47368421052633,5600.0,2.6147816E7
5700.0,703.334577806,0.004737391392992875,5700.0,72.08771929824562,47.94217550008507,-153.74800637958538,17.264690587623488,5700.0,2.6148888E7
5800.0,716.399005362,0.00482577196021792,5800.0,72.51724137931035,48.577687949351485,-149.4522691705789,17.792676637442003,5800.0,2.6149824E7
5900.0,729.51095916,0.004914479468747537,5900.0,72.83050847457628,49.045332020760945,-147.75888717156107,18.50533807829182,5900.0,2.6151424E7
6000.0,742.53113544,0.005002577087554905,6000.0,73.15,49.4519622114458,-145.20547945205467,18.922999496728764,6000.0,2.6154696E7
6100.0,755.516032575,0.005090441642710656,6100.0,73.39344262295083,49.79060782155454,-141.87779433681072,19.930932412432178,6100.0,2.6156376E7
6200.0,768.54884883,0.005178636600686766,6200.0,73.62903225806451,50.055182199798985,-137.30043541364302,20.82324455205811,6200.0,2.61582E7
6300.0,781.635305625,0.0052671983437103075,6300.0,73.98412698412699,50.59996520942377,-134.47782546495,21.840724845016695,6300.0,2.615932E7
6400.0,794.746919871,0.0053559331060019635,6400.0,74.359375,51.17232175833202,-132.10749646393205,22.557810287871646,6400.0,2.6160136E7
6500.0,807.809367328,0.005444340045085123,6500.0,74.73846153846154,51.781352173227525,-129.97198879551823,23.805104408352683,6500.0,2.6161592E7
6600.0,820.888862181,0.005532873432712536,6600.0,74.89393939393939,51.96658453348794,-129.50138504155132,24.33789954337898,6600.0,2.6164864E7
6700.0,833.974159554,0.005621450159048813,6700.0,75.26865671641791,52.57566603126088,-126.6757865937072,25.461088618983375,6700.0,2.6166064E7
6800.0,847.055120226,0.00571000464952708,6800.0,75.54411764705883,52.989117872915145,-125.03382949932342,25.858225590726715,6800.0,2.6168168E7
6900.0,860.174848993,0.005798825119146374,6900.0,75.8840579710145,53.45052598035222,-124.56140350877195,25.87973273942096,6900.0,2.6169208E7
7000.0,873.249745843,0.005887347326626222,7000.0,76.08571428571429,53.761449644450884,-123.49799732977303,26.54673102237826,7000.0,2.617076E7
7100.0,886.411337316,0.005976459541692108,7100.0,76.4225352112676,54.251605316227206,-122.60638297872337,26.9633507853403,7100.0,2.6171656E7
7200.0,899.501846828,0.006065092600566957,7200.0,76.72222222222223,54.680706514085095,-122.57636122177946,27.288503253796097,7200.0,2.617228E7
7300.0,912.523611579,0.006153270309489209,7300.0,76.94520547945206,55.0337765478923,-122.32496697490092,27.984595635430033,7300.0,2.617528E7
7400.0,925.602469574,0.0062418357658068566,7400.0,77.25675675675676,55.43637444122821,-122.32496697490085,27.984595635430065,7400.0,2.6175616E7
7500.0,938.713336876,0.006330620230115848,7500.0,77.52,55.76349066604405,-122.13438735177876,27.917913638306956,7500.0,2.617628E7
7600.0,951.820743381,0.006419382994660806,7600.0,77.81578947368422,56.13311055259972,-122.13438735177856,27.91791363830699,7600.0,2.6176792E7
7700.0,964.976671044,0.006508477827425777,7700.0,78.05194805194805,56.40167070754464,-122.66139657444015,27.74690038477982,7700.0,2.6177816E7
7800.0,978.081860977,0.006597230138038095,7800.0,78.33333333333333,56.74213897816808,-122.66139657444003,27.74690038477981,7800.0,2.6178136E7
7900.0,991.238499988,0.006686332865091276,7900.0,78.60759493670886,57.06890911168752,-122.66139657444003,27.746900384779806,7900.0,2.617872E7
8000.0,1004.43284231,0.00677569448598948,8000.0,78.8375,57.32054714403119,-123.05665349143595,27.61864044463449,8000.0,2.617976E7
8100.0,1017.664873443,0.0068653138821790655,8100.0,79.09876543209876,57.622865661273394,-123.05665349143608,27.618640444634458,8100.0,2.6180496E7
8200.0,1030.903112889,0.00695497727198618,8200.0,79.35365853658537,57.91371137608516,-123.05665349143612,27.61864044463448,8200.0,2.6181064E7
8300.0,1044.070226196,0.00704416099124336,8300.0,79.60240963855422,58.19372520598335,-123.05665349143602,27.61864044463447,8300.0,2.6181672E7
8400.0,1057.253480058,0.007133488411999825,8400.0,79.82142857142858,58.42347226555342,-123.32015810276688,27.53313381787092,8400.0,2.6191752E7
8500.0,1070.455476384,0.007222945396767086,8500.0,80.01176470588234,58.604535279260794,-123.84716732542816,27.362120564343712,8500.0,2.6192504E7
8600.0,1083.894360615,0.007314009068327492,8600.0,80.24418604651163,58.85639277730527,-123.84716732542829,27.362120564343734,8600.0,2.6192944E7
8700.0,1097.361061301,0.007405263095237142,8700.0,80.47126436781609,59.09951811405482,-123.84716732542829,27.362120564343726,8700.0,2.619348E7
8800.0,1111.021526138,0.007497833230634907,8800.0,80.67045454545455,59.32915162557868,-122.93577981651379,27.4626865671642,8800.0,2.619436E7
8900.0,1124.905185305,0.007591919434047801,8900.0,80.88764044943821,59.590828747155264,-122.35294117647058,27.64780944279029,8900.0,2.619536E7
9000.0,1138.358186508,0.007683092184133691,9000.0,81.05555555555556,59.735307336240126,-122.8758169934641,27.47766907698853,9000.0,2.61968E7
9100.0,1152.224677412,0.007777073837324089,9100.0,81.21978021978022,59.87373148108682,-123.39869281045736,27.30752871118675,9100.0,2.6198648E7
9200.0,1167.188348801,0.007878494630923537,9200.0,81.34782608695652,59.950064423590874,-124.31372549019596,27.00978307103359,9200.0,2.6199392E7
9300.0,1182.781660152,0.007984191777154535,9300.0,81.33333333333333,59.88993134124564,-123.13624678663247,27.120067170445004,9300.0,2.6201568E7
9324.0,1187.257650756,0.008014531774329694,9324.0,81.37065637065636,59.940258855208405,-122.1227621483376,27.23083368244657,9324.0,2.6201656E7
