learning evaluation instances,evaluation time (cpu seconds),model cost (RAM-Hours),classified instances,classifications correct (percent),Kappa Statistic (percent),Kappa Temporal Statistic (percent),Kappa M Statistic (percent),model training instances,model serialized size (bytes)
100.0,0.956740854,7.741702494872112E-8,100.0,100.0,?,?,?,100.0,312784.0
200.0,1.449594465,1.199994931786197E-7,200.0,98.5,71.96261682242988,25.0,50.0,200.0,333976.0
300.0,1.792949247,1.496759471255727E-7,300.0,97.66666666666667,52.18579234972677,-75.00000000000021,-16.666666666666483,300.0,334096.0
400.0,2.102600617,1.764387448557611E-7,400.0,97.5,43.31065759637201,-150.0,-66.66666666666666,400.0,334088.0
500.0,2.42863197,2.0461724493486184E-7,500.0,96.2,28.00848742043029,-216.66666666666666,-137.5,500.0,334088.0
600.0,2.771476198,2.3426943871982394E-7,600.0,96.16666666666667,32.682926829268325,-187.5000000000005,-129.99999999999926,600.0,334320.0
700.0,3.048533628,2.5831323251971767E-7,700.0,95.0,36.131386861313906,-191.6666666666672,-59.09090909090901,700.0,335456.0
800.0,3.327423648,2.8254607744464445E-7,800.0,94.375,78.45601436265709,-246.15384615384656,63.114754098360635,800.0,335872.0
900.0,3.589555903,3.053320573725862E-7,900.0,93.66666666666667,81.58042138825455,-103.57142857142878,71.64179104477611,900.0,336008.0
1000.0,3.810198804,3.2451931699329987E-7,1000.0,93.4,82.54032919415685,-3.1250000000000053,74.31906614785994,1000.0,336144.0
1100.0,4.022956342,3.43018658360307E-7,1100.0,88.63636363636364,71.07698779974757,-30.208333333333336,61.53846153846153,1100.0,336104.0
1200.0,4.241595176,3.6203254791784416E-7,1200.0,86.91666666666666,66.64282324945644,-34.18803418803417,56.267409470752085,1200.0,336160.0
1300.0,4.451773123,3.803115078263337E-7,1300.0,83.92307692307692,59.85709895513214,-67.20000000000003,50.11933174224343,1300.0,336176.0
1400.0,4.667499824,3.9907928773299897E-7,1400.0,82.35714285714286,57.44586592371268,-70.3448275862069,48.326359832635994,1400.0,336288.0
1500.0,4.926622563,4.2162618778801215E-7,1500.0,80.2,53.0410034784442,-65.92178770949722,44.48598130841123,1500.0,336344.0
1600.0,5.156958889,4.4167164893831235E-7,1600.0,78.625,50.15921362314828,-53.363228699551534,42.42424242424242,1600.0,336400.0
1700.0,5.360151833,4.5935700778532776E-7,1700.0,78.41176470588235,50.75427496148114,-52.91666666666664,43.79785604900459,1700.0,336440.0
1800.0,5.556820058,4.7647569398917263E-7,1800.0,78.77777777777779,52.09030100334447,-34.5070422535211,45.42857142857143,1800.0,336464.0
1900.0,5.762423259,4.943729626099269E-7,1900.0,79.42105263157895,54.76443896700466,-29.4701986754967,49.08854166666667,1900.0,336480.0
2000.0,5.960098435,5.115801155497631E-7,2000.0,80.25,56.700750666479586,-18.263473053892195,51.113861386138616,2000.0,336480.0
2100.0,6.157606359,5.287690307298552E-7,2100.0,80.95238095238095,59.193666857096225,-7.816711590296507,54.648526077097515,2100.0,336408.0
2200.0,6.356458832,5.460741375592455E-7,2200.0,81.63636363636364,61.35064031483053,-1.50753768844219,57.69633507853405,2200.0,336392.0
2300.0,6.560712556,5.638471738286255E-7,2300.0,82.17391304347827,62.79447795878591,-0.7371007371007077,59.60591133004927,2300.0,336352.0
2400.0,6.762052398,5.813641599395893E-7,2400.0,82.75,64.18003426257593,3.944315545243618,61.23595505617977,2400.0,336304.0
2500.0,6.961382144,5.987058509728872E-7,2500.0,83.32000000000001,65.47629140195733,9.150326797385642,62.70125223613597,2500.0,336296.0
2600.0,7.162875528,6.162328594631517E-7,2600.0,83.73076923076923,66.89124505536188,7.843137254901958,65.27093596059113,2600.0,336240.0
2700.0,7.362146991,6.335674178077345E-7,2700.0,84.11111111111111,68.04774273564065,6.535947712418341,67.45068285280729,2700.0,336256.0
2800.0,7.562796691,6.510193769363295E-7,2800.0,84.39285714285715,68.86263628322278,4.793028322440111,68.37916063675833,2800.0,336208.0
2900.0,7.762972624,6.684297148288457E-7,2900.0,84.82758620689656,69.87149579050961,4.139433551198259,68.16208393632417,2900.0,336200.0
3000.0,7.989309218,6.881130387947296E-7,3000.0,85.23333333333333,70.7352520203466,3.485838779956478,67.94500723589003,3000.0,336160.0
3100.0,8.251864191,7.109444578647553E-7,3100.0,85.70967741935483,71.66701052197236,3.485838779956406,67.94500723589,3100.0,336136.0
3200.0,8.470349724,7.299445634476097E-7,3200.0,86.0625,72.30845647584749,3.671706263498881,67.86743515850144,3200.0,336152.0
3300.0,8.687116694,7.487961152882503E-7,3300.0,86.0909090909091,72.32150688536095,2.9598308668076307,67.69880365939481,3300.0,336168.0
3400.0,8.900719566,7.67368958738343E-7,3400.0,86.32352941176471,72.67287302997515,2.515723270440259,67.41415557112825,3400.0,336104.0
3500.0,9.122455833,7.866480858778107E-7,3500.0,86.42857142857143,72.85467872675463,2.263374485596766,67.73097826086958,3500.0,336088.0
3600.0,9.332197262,8.048834391979461E-7,3600.0,86.47222222222221,72.90153854714407,1.2170385395536998,67.85478547854784,3600.0,336072.0
3700.0,9.551980648,8.239918610138655E-7,3700.0,86.56756756756756,73.062346407473,0.0,68.16143497757848,3700.0,336072.0
3800.0,9.765308513,8.425403510058135E-7,3800.0,86.76315789473684,73.38698448943221,2.895752895752865,68.26498422712935,3800.0,336096.0
3900.0,9.978825799,8.611044270338741E-7,3900.0,87.0,73.86662874356281,5.233644859813051,69.02871105681123,3900.0,336080.0
4000.0,10.200744079,8.803970830964175E-7,4000.0,87.325,74.38969687907895,5.233644859813087,69.02871105681123,4000.0,336048.0
4100.0,10.414311031,8.989619412968682E-7,4100.0,87.53658536585365,74.69461053542923,4.841713221601494,68.9738919247116,4100.0,336016.0
4200.0,10.633004459,9.17973336865749E-7,4200.0,87.73809523809524,75.01358484707343,5.850091407678257,69.12470023980815,4200.0,336032.0
4300.0,10.849703374,9.368113459915297E-7,4300.0,88.0232558139535,75.44214126341285,6.021897810219033,69.16167664670661,4300.0,336032.0
4400.0,11.045610099,9.538414488549719E-7,4400.0,87.8409090909091,75.02946819768344,4.12186379928317,68.6768149882904,4400.0,336024.0
4500.0,11.259152271,9.724059207824061E-7,4500.0,87.95555555555555,75.22100446062558,3.386809269162222,68.86846639862148,4500.0,336048.0
4600.0,11.476133828,9.912685004630293E-7,4600.0,88.17391304347825,75.53188139924315,3.202846975088932,68.86090440755581,4600.0,336032.0
4700.0,11.696697294,1.0104415486905E-6,4700.0,88.25531914893617,75.68311568047254,2.300884955752221,69.14477361654556,4700.0,336016.0
4800.0,11.909588921,1.0289468213198603E-6,4800.0,88.16666666666667,75.44812308357311,1.5597920277296948,68.70523415977962,4800.0,336000.0
4900.0,12.136525231,1.048671497107411E-6,4900.0,88.24489795918367,75.49673715232568,1.2006861063464982,68.54178044784273,4900.0,335976.0
5000.0,12.354331598,1.067600820432616E-6,5000.0,88.28,75.41327102681397,0.8460236886632836,68.13485589994563,5000.0,335944.0
5100.0,12.56746419,1.0861221864640176E-6,5100.0,88.45098039215686,75.64443057799215,0.674536256323832,68.1965442764579,5100.0,335912.0
5200.0,12.785238225,1.1050459956106194E-6,5200.0,88.61538461538461,75.83163543454067,0.837520938023448,68.10344827586208,5200.0,335896.0
5300.0,13.000375922,1.123740716118817E-6,5300.0,88.75471698113208,75.97264100137829,1.160862354892196,67.99140708915145,5300.0,335896.0
5400.0,13.22026758,1.1428485393674508E-6,5400.0,88.72222222222223,75.80021334312923,0.0,67.6751592356688,5400.0,335896.0
5500.0,13.433277818,1.1613566276704646E-6,5500.0,88.78181818181818,75.80550865825558,-0.3252032520325026,67.49209694415174,5500.0,335864.0
5600.0,13.652886823,1.1804362533202459E-6,5600.0,88.94642857142857,75.97615912398642,-0.32414910858992996,67.42105263157895,5600.0,335832.0
5700.0,13.863618357,1.1987446044797265E-6,5700.0,89.0,76.00053184416966,0.0,67.39469578783151,5700.0,335832.0
5800.0,14.075270745,1.217132959415E-6,5800.0,89.01724137931033,75.90327184860894,0.31298904538342215,67.14801444043322,5800.0,335832.0
5900.0,14.288465361,1.2356553030858748E-6,5900.0,89.0,75.79042911718872,-0.3091190108191605,67.0055922724962,5900.0,335832.0
6000.0,14.513428877,1.2551982661935086E-6,6000.0,89.05,75.80720589307496,0.0,66.93507800704579,6000.0,335800.0
6100.0,14.725471503,1.2736200861532302E-6,6100.0,88.9344262295082,75.56311949791841,-0.5961251862890932,66.69955599407994,6100.0,335824.0
6200.0,14.934102446,1.2917455062278378E-6,6200.0,88.70967741935483,75.02843823594904,-1.5965166908563606,66.10169491525423,6200.0,335824.0
6300.0,15.133302492,1.3090507651602494E-6,6300.0,88.6984126984127,74.96596999331958,-1.859799713877001,66.04673342870768,6300.0,335808.0
6400.0,15.347861148,1.3276893963379927E-6,6400.0,88.8125,75.13967926149918,-1.2729844413012206,66.21047663992451,6400.0,335792.0
6500.0,15.560114063,1.346125971527536E-6,6500.0,88.92307692307693,75.38351484484515,-0.8403361344537748,66.58932714617171,6500.0,335760.0
6600.0,15.77186506,1.3645198259230927E-6,6600.0,88.80303030303031,75.10679671112064,-2.3545706371191035,66.25570776255708,6600.0,335776.0
6700.0,15.9901003,1.3834769372727946E-6,6700.0,88.82089552238806,75.11251762551309,-2.4623803009576277,66.3067926225821,6700.0,335776.0
6800.0,16.203837512,1.4020437675619847E-6,6800.0,88.98529411764706,75.40563891352146,-1.353179972936396,66.60722246990638,6800.0,335784.0
6900.0,16.421791075,1.4209768619786242E-6,6900.0,89.14492753623189,75.59696101161106,-1.0796221322536914,66.63697104677063,6900.0,335784.0
7000.0,16.637353685,1.4397004756213805E-6,7000.0,89.07142857142857,75.39071095156102,-2.136181575433959,66.43264589732338,7000.0,335752.0
7100.0,16.854463089,1.4585575440194538E-6,7100.0,89.21126760563381,75.596820308672,-1.8617021276595507,66.57940663176265,7100.0,335736.0
7200.0,17.066244875,1.4769483749542755E-6,7200.0,89.26388888888889,75.59122940279734,-2.656042496679937,66.4642082429501,7200.0,335672.0
7300.0,17.27833655,1.4953669941041057E-6,7300.0,89.17808219178082,75.37327193348126,-4.359313077939262,66.19597774925117,7300.0,335688.0
7400.0,17.494250179,1.5141148410202064E-6,7400.0,89.32432432432432,75.53303947869219,-4.359313077939244,66.19597774925118,7400.0,335640.0
7500.0,17.705875164,1.5324885517355941E-6,7500.0,89.44,75.64161183637232,-4.3478260869565934,66.13937580162461,7500.0,335608.0
7600.0,17.90676818,1.549928828043273E-6,7600.0,89.57894736842105,75.78980180796188,-4.34782608695644,66.13937580162464,7600.0,335576.0
7700.0,18.111880104,1.5677357880811865E-6,7700.0,89.68831168831169,75.8773966653533,-4.611330698287308,66.05386917486103,7700.0,335584.0
7800.0,18.306814962,1.5846584109043802E-6,7800.0,89.82051282051282,76.01514470963384,-4.611330698287204,66.05386917486105,7800.0,335568.0
7900.0,18.507804767,1.602106673858573E-6,7900.0,89.94936708860759,76.14789990407596,-4.611330698287244,66.05386917486103,7900.0,335568.0
8000.0,18.713936854,1.6200004937360949E-6,8000.0,90.0,76.11443514408556,-5.401844532279244,65.79734929457034,8000.0,335552.0
8100.0,18.922866193,1.638137136185146E-6,8100.0,90.12345679012346,76.2390405324567,-5.401844532279275,65.79734929457034,8100.0,335552.0
8200.0,19.130777316,1.656185820099678E-6,8200.0,90.2439024390244,76.35936021221222,-5.401844532279322,65.79734929457034,8200.0,335560.0
8300.0,19.338334598,1.6742020689673428E-6,8300.0,90.36144578313254,76.4756115508432,-5.401844532279249,65.79734929457034,8300.0,335528.0
8400.0,19.553259141,1.6928578059144916E-6,8400.0,90.45238095238095,76.53555281015734,-5.6653491436100945,65.71184266780675,8400.0,335528.0
8500.0,19.769505553,1.7116282828536317E-6,8500.0,90.54117647058824,76.59245463221073,-5.928853754940663,65.62633604104317,8500.0,335528.0
8600.0,19.976999412,1.7296390265203182E-6,8600.0,90.65116279069767,76.69825486967852,-5.928853754940773,65.62633604104317,8600.0,335528.0
8700.0,20.182890985,1.7475115418542154E-6,8700.0,90.75862068965517,76.8007032887958,-5.928853754940788,65.62633604104316,8700.0,335544.0
8800.0,20.387433324,1.7652660896488732E-6,8800.0,90.86363636363637,76.9362640672588,-5.373525557011776,65.71428571428574,8800.0,335528.0
8900.0,20.593257325,1.783131887414304E-6,8900.0,90.96629213483146,77.06891394471916,-5.098039215686269,65.80178647384092,8900.0,335528.0
9000.0,20.805045865,1.8015154151190049E-6,9000.0,91.04444444444444,77.11195246404313,-5.359477124183115,65.71671629094,9000.0,335528.0
9100.0,21.023921054,1.82051452639272E-6,9100.0,91.12087912087912,77.15272518259518,-5.620915032679743,65.63164610803912,9100.0,335536.0
9200.0,21.244579805,1.8396684569177918E-6,9200.0,91.13043478260869,77.04134386918066,-6.6666666666666305,65.29136537643555,9200.0,335536.0
9300.0,21.468985222,1.8591476108021885E-6,9300.0,91.0,76.72407111578059,-7.583547557840624,64.86146095717885,9300.0,335536.0
9324.0,21.537800058,1.8651209727552715E-6,9324.0,91.001716001716,76.7142765462515,-7.28900255754472,64.85127775450357,9324.0,335536.0
