learning evaluation instances,evaluation time (cpu seconds),model cost (RAM-Hours),classified instances,classifications correct (percent),Kappa Statistic (percent),Kappa Temporal Statistic (percent),Kappa M Statistic (percent),model training instances,model serialized size (bytes)
100.0,7.333980659,4.5570012572790925E-5,100.0,100.0,?,?,?,100.0,2.4018272E7
200.0,15.714028639,1.0114527501202511E-4,200.0,98.5,65.9863945578232,25.0,50.0,200.0,2.563524E7
300.0,24.635854103,1.6034578488773683E-4,300.0,99.0,66.21621621621627,24.99999999999979,50.0,300.0,2.5649216E7
400.0,33.533443152,2.1940083244014095E-4,400.0,99.25,66.32996632996662,25.000000000000554,50.00000000000037,400.0,2.5655888E7
500.0,42.38364563,2.781535281151628E-4,500.0,99.0,54.145267791636165,16.666666666666664,37.5,500.0,2.56612E7
600.0,51.383368799,3.379138026886419E-4,600.0,98.83333333333333,45.7364341085271,12.49999999999948,29.999999999999932,600.0,2.5667632E7
700.0,60.157415922,3.96208711498783E-4,700.0,97.57142857142857,36.29550321199153,-41.66666666666656,22.727272727272968,700.0,2.5682248E7
800.0,69.310016147,4.5712628737757944E-4,800.0,86.375,16.816117831113818,-738.461538461539,10.655737704918026,800.0,2.5727672E7
900.0,78.337655499,5.172528644654987E-4,900.0,79.33333333333333,11.13234591495468,-564.2857142857148,7.462686567164201,900.0,2.5745104E7
1000.0,87.502745733,5.783175124791087E-4,1000.0,76.0,9.523414586333551,-275.0000000000003,6.614785992217905,1000.0,2.575464E7
1100.0,96.751778099,6.399648941777865E-4,1100.0,72.0,7.216212515404623,-220.83333333333334,5.230769230769209,1100.0,2.576444E7
1200.0,105.936612119,7.012013510092089E-4,1200.0,71.5,6.513528658706065,-192.30769230769224,4.735376044568243,1200.0,2.5771584E7
1300.0,116.066920686,7.687540492650586E-4,1300.0,69.07692307692308,5.421008625401325,-221.59999999999997,4.057279236276856,1300.0,2.5776408E7
1400.0,126.045124872,8.353176939002822E-4,1400.0,67.21428571428572,5.170327432426877,-216.5517241379311,3.974895397489539,1400.0,2.5786184E7
1500.0,135.615592074,8.991743774197314E-4,1500.0,65.8,5.32959326788222,-186.5921787709498,4.112149532710294,1500.0,2.579144E7
1600.0,145.169463914,9.629312864054773E-4,1600.0,64.3125,4.902675132715679,-156.0538116591928,3.8720538720538498,1600.0,2.5795872E7
1700.0,154.753725399,0.0010268996661440476,1700.0,63.0,4.757069514067778,-162.08333333333323,3.675344563552843,1700.0,2.5799368E7
1800.0,164.33865396,0.0010909000121088247,1800.0,62.55555555555555,4.742462311557762,-137.32394366197184,3.7142857142856958,1800.0,2.5810464E7
1900.0,174.556429003,0.0011591349365060997,1900.0,61.68421052631579,6.329909417934368,-141.05960264900668,5.208333333333322,1900.0,2.5813848E7
2000.0,184.46797838,0.001225334077581452,2000.0,61.8,6.687250840303307,-128.74251497005983,5.4455445544554495,2000.0,2.581744E7
2100.0,194.404421185,0.001291713876781474,2100.0,60.57142857142858,7.233127184727111,-123.18059299191376,6.122448979591857,2100.0,2.582304E7
2200.0,204.107557795,0.0013565408917988755,2200.0,59.5,7.6953503922547215,-123.86934673366837,6.701570680628264,2200.0,2.5825352E7
2300.0,213.818528494,0.001421427280913179,2300.0,59.47826086956521,9.196040140806282,-128.99262899262897,8.177339901477826,2300.0,2.5828152E7
2400.0,223.555163829,0.0014864984546589866,2400.0,59.54166666666667,10.110071189861234,-125.29002320185614,9.082397003745317,2400.0,2.5833432E7
2500.0,233.082776106,0.0015501792472015885,2500.0,60.0,11.656032408807821,-117.86492374727673,10.554561717352419,2500.0,2.5836088E7
2600.0,242.680475657,0.0016143378854921054,2600.0,59.38461538461538,14.083583255310947,-130.06535947712422,13.300492610837434,2600.0,2.5839872E7
2700.0,252.235398123,0.0016782216022151728,2700.0,59.25925925925925,16.88699541731122,-139.65141612200432,16.540212443095587,2700.0,2.5844336E7
2800.0,261.87219155,0.001742661180297283,2800.0,59.53571428571428,19.88152446335975,-146.84095860566453,18.017366136034717,2800.0,2.5847736E7
2900.0,271.496506087,0.00180703314942743,2900.0,59.37931034482759,21.539824016962577,-156.64488017429198,14.761215629522425,2900.0,2.5854096E7
3000.0,281.178179473,0.0018717981992207755,3000.0,59.53333333333334,23.412609623851193,-164.48801742919383,12.1562952243126,3000.0,2.5857864E7
3100.0,290.806559047,0.0019362148331763217,3100.0,60.258064516129025,25.952925665981606,-168.40958605664488,10.85383502170766,3100.0,2.5861112E7
3200.0,300.45660352,0.002000779966527472,3200.0,60.5625,27.357290461471152,-172.5701943844493,9.077809798270879,3200.0,2.5862536E7
3300.0,310.059753321,0.0020650374452770757,3300.0,61.303030303030305,28.79870347103998,-169.9788583509514,10.133708655876156,3300.0,2.5864992E7
3400.0,319.75784595,0.0021299327632512796,3400.0,62.117647058823536,30.756651817210983,-170.02096436058704,9.740714786264894,3400.0,2.5866008E7
3500.0,329.39424353,0.002194417658594944,3500.0,62.94285714285714,32.059238895850015,-166.872427983539,11.888586956521749,3500.0,2.5866976E7
3600.0,339.052317468,0.0022590515056425745,3600.0,63.583333333333336,33.07696234409298,-165.92292089249494,13.465346534653461,3600.0,2.5868536E7
3700.0,348.692673244,0.0023235731636065435,3700.0,64.21621621621621,34.07185559437745,-166.39839034205238,15.182575272261372,3700.0,2.5871096E7
3800.0,358.421252856,0.0023886884332818383,3800.0,64.78947368421053,35.23577088717722,-158.30115830115835,15.583596214511052,3800.0,2.5872344E7
3900.0,368.032417345,0.002453020048600531,3900.0,65.38461538461539,36.10739297533248,-152.33644859813091,17.5320708613317,3900.0,2.587324E7
4000.0,377.796225725,0.0025183774563221424,4000.0,65.975,37.48690945569057,-154.39252336448595,16.86010995723884,4000.0,2.5874856E7
4100.0,387.598296776,0.002583997865482137,4100.0,66.73170731707317,38.95981961690203,-154.0037243947858,17.182756527018835,4100.0,2.5877568E7
4200.0,397.378722043,0.002649475268672205,4200.0,67.23809523809524,39.88236116520368,-151.55393053016445,17.505995203836935,4200.0,2.587832E7
4300.0,407.14254081,0.0027148453956645155,4300.0,67.69767441860465,40.82146664711454,-153.46715328467153,16.826347305389213,4300.0,2.5879864E7
4400.0,416.782207338,0.0027793865605040867,4400.0,68.25,41.70851297722432,-150.35842293906808,18.208430913348945,4400.0,2.5880768E7
4500.0,426.435715916,0.0028440239592884054,4500.0,68.77777777777779,42.57837404842217,-150.44563279857385,19.299253302699597,4500.0,2.5882192E7
4600.0,436.150045051,0.0029090715522153638,4600.0,69.26086956521739,43.45725782826284,-151.60142348754454,19.06124785346307,4600.0,2.5883368E7
4700.0,445.793254468,0.0029736451994235302,4700.0,69.91489361702128,44.492952163445196,-150.26548672566372,20.96143096702068,4700.0,2.588428E7
4800.0,455.554525182,0.003039071983877285,4800.0,70.375,45.2383187355135,-146.44714038128245,21.652892561983478,4800.0,2.5909056E7
4900.0,465.357495629,0.0031047827524800266,4900.0,70.83673469387755,46.00546384206738,-145.1114922813037,21.95521572910977,4900.0,2.5910824E7
5000.0,475.166692622,0.0031705377758915972,5000.0,71.36,46.872283789858216,-142.30118443316417,22.131593257205008,5000.0,2.5911816E7
5100.0,485.032532757,0.0032366772383118033,5100.0,71.88235294117648,47.715806878344715,-141.82124789207404,22.57019438444926,5100.0,2.5913672E7
5200.0,494.911086705,0.003302905162942824,5200.0,72.34615384615385,48.4483203649817,-140.87102177554442,22.521551724137932,5200.0,2.5914936E7
5300.0,505.035823654,0.0033707859814094947,5300.0,72.79245283018868,49.13503063372164,-139.13764510779438,22.556390977443606,5300.0,2.5915864E7
5400.0,515.491914699,0.003440894320326496,5400.0,73.07407407407408,49.51607029325893,-138.7520525451561,22.823779193205937,5400.0,2.5918072E7
5500.0,525.856632215,0.003510398213246843,5500.0,73.4909090909091,50.13880798734141,-137.07317073170728,23.182297154899913,5500.0,2.5921136E7
5600.0,536.244576386,0.0035800639440541787,5600.0,73.96428571428572,50.829860525618486,-136.30470016207448,23.26315789473685,5600.0,2.59234E7
5700.0,546.796392252,0.003650831634325609,5700.0,74.36842105263159,51.420273176304576,-133.01435406698562,24.024960998439944,5700.0,2.5924488E7
5800.0,557.416804296,0.0037220619051656335,5800.0,74.8103448275862,52.084546703685064,-128.63849765258206,24.651882413615276,5800.0,2.5925408E7
5900.0,567.839017433,0.0037919669697527147,5900.0,75.20338983050847,52.683610089748576,-126.12055641421954,25.62277580071174,5900.0,2.5926928E7
6000.0,578.268202064,0.0038619276654921647,6000.0,75.51666666666667,53.11264179781898,-123.59208523592078,26.06945143432311,6000.0,2.5930216E7
6100.0,588.507697353,0.003930620555924327,6100.0,75.72131147540983,53.410053415396185,-120.71535022354698,26.936359151455356,6100.0,2.5931976E7
6200.0,598.717480177,0.003999118765347131,6200.0,75.91935483870968,53.636327209344245,-116.69085631349793,27.699757869249375,6200.0,2.5933736E7
6300.0,608.955130608,0.004067806949346422,6300.0,76.23809523809524,54.14060571686649,-114.16309012875543,28.612303290414875,6300.0,2.5934872E7
6400.0,619.179343956,0.0041364071373142545,6400.0,76.578125,54.668464001082626,-112.02263083451204,29.259084473808382,6400.0,2.5935688E7
6500.0,629.420461115,0.004205124557885216,6500.0,76.93846153846154,55.27710431930406,-109.94397759103651,30.440835266821338,6500.0,2.5937128E7
6600.0,639.685838731,0.004274013496807891,6600.0,77.06060606060606,55.42076438372299,-109.69529085872578,30.8675799086758,6600.0,2.5940416E7
6700.0,649.980740455,0.004343103762195805,6700.0,77.40298507462686,55.9947223860354,-107.11354309165529,31.893837156995048,6700.0,2.5941616E7
6800.0,660.302547328,0.004412380209346865,6800.0,77.70588235294117,56.461939631401314,-105.14208389715836,32.411948283548824,6800.0,2.594372E7
6900.0,670.695090386,0.004482134209745474,6900.0,78.02898550724638,56.90010725117666,-104.58839406207834,32.47216035634744,6900.0,2.594476E7
7000.0,681.123586975,0.004552133714732296,7000.0,78.24285714285715,57.24428101652496,-103.33778371161549,33.17244405440986,7000.0,2.5946312E7
7100.0,691.487419635,0.004621701619314216,7100.0,78.54929577464789,57.69404058473797,-102.52659574468083,33.55148342059336,7100.0,2.5947224E7
7200.0,701.808560979,0.004690984749943466,7200.0,78.84722222222223,58.12956101256388,-102.25763612217789,33.926247288503255,7200.0,2.5947896E7
7300.0,712.073923081,0.004759901288563514,7300.0,79.04109589041096,58.44667270911845,-102.11360634081895,34.53145057766368,7300.0,2.5950848E7
7400.0,722.400701535,0.004829230958192758,7400.0,79.32432432432432,58.808591068267646,-102.113606340819,34.53145057766368,7400.0,2.5951152E7
7500.0,732.828889405,0.004899243239535186,7500.0,79.60000000000001,59.16312266629258,-101.58102766798423,34.587430525865756,7500.0,2.5951816E7
7600.0,743.196100867,0.004968847513500144,7600.0,79.86842105263158,59.49504942976428,-101.58102766798416,34.587430525865756,7600.0,2.5952328E7
7700.0,753.55164772,0.005038376215895284,7700.0,80.07792207792208,59.724751591414126,-102.10803689064562,34.41641727233862,7700.0,2.5953352E7
7800.0,763.904615416,0.005107888501357157,7800.0,80.33333333333333,60.03085239254692,-102.10803689064556,34.4164172723386,7800.0,2.5953688E7
7900.0,774.247622851,0.005177335431081913,7900.0,80.58227848101266,60.32475906456452,-102.10803689064554,34.416417272338606,7900.0,2.5954256E7
8000.0,784.635335072,0.005247085320733763,8000.0,80.75,60.478393646876114,-102.8985507246376,34.159897392047895,8000.0,2.5955296E7
8100.0,795.397149601,0.0053193491823530495,8100.0,80.98765432098766,60.75114888001072,-102.89855072463759,34.1598973920479,8100.0,2.5956016E7
8200.0,806.048230862,0.005390871052897119,8200.0,81.21951219512195,61.013647631418564,-102.89855072463769,34.15989739204791,8200.0,2.5956584E7
8300.0,816.598182887,0.005461715501354207,8300.0,81.44578313253012,61.266457740287215,-102.89855072463756,34.1598973920479,8300.0,2.5957192E7
8400.0,827.138382032,0.005532521943527504,8400.0,81.64285714285714,61.46865330016129,-103.16205533596855,34.074390765284306,8400.0,2.5967272E7
8500.0,837.647361044,0.0056031207010426255,8500.0,81.83529411764707,61.66284629120755,-103.42555994729896,33.98888413852074,8500.0,2.5968024E7
8600.0,848.212242535,0.005674096210996854,8600.0,82.04651162790698,61.89023121468574,-103.42555994729905,33.98888413852077,8600.0,2.5968464E7
8700.0,858.764926667,0.0057449912416319285,8700.0,82.25287356321839,62.10979887966543,-103.42555994729916,33.98888413852074,8700.0,2.5969E7
8800.0,869.331861884,0.005815984419523033,8800.0,82.45454545454545,62.35576780552623,-102.35910878112718,34.157782515991485,8800.0,2.596988E7
8900.0,879.87985124,0.005886853039811372,8900.0,82.65168539325842,62.59543925452624,-101.83006535947719,34.32581880051039,8900.0,2.597088E7
9000.0,890.359160897,0.005957264126667526,9000.0,82.82222222222222,62.75512697867738,-102.09150326797398,34.240748617609526,9000.0,2.597232E7
9100.0,900.874384083,0.00602792137160698,9100.0,82.97802197802197,62.88927181684525,-102.4836601307189,34.11314334325819,9100.0,2.5974104E7
9200.0,911.58706623,0.006099907640773824,9200.0,83.08695652173913,62.94004873567918,-103.39869281045739,33.815397703105056,9200.0,2.5974896E7
9300.0,922.067304204,0.006170337762122197,9300.0,83.08602150537634,62.90780646794506,-102.18508997429319,33.96305625524767,9300.0,2.597704E7
9324.0,925.317330092,0.006192178929722894,9324.0,83.11883311883312,62.9531487830332,-101.27877237851655,34.059488898198595,9324.0,2.5977144E7
