learning evaluation instances,evaluation time (cpu seconds),model cost (RAM-Hours),classified instances,classifications correct (percent),Kappa Statistic (percent),Kappa Temporal Statistic (percent),Kappa M Statistic (percent),model training instances,model serialized size (bytes)
100.0,10.289634477,6.504412438397332E-5,100.0,100.0,?,?,?,100.0,2.4434896E7
200.0,23.121924782,1.5152308608121147E-4,200.0,98.5,65.9863945578232,25.0,50.0,200.0,2.6050056E7
300.0,37.199356553,2.464498742346947E-4,300.0,99.0,66.21621621621627,24.99999999999979,50.0,300.0,2.60656E7
400.0,51.472851053,3.427236826834937E-4,400.0,99.25,66.32996632996662,25.000000000000554,50.00000000000037,400.0,2.6072352E7
500.0,65.901726819,4.4006505764676454E-4,500.0,99.0,54.145267791636165,16.666666666666664,37.5,500.0,2.6077584E7
600.0,80.484430649,5.384682852800431E-4,600.0,98.83333333333333,45.7364341085271,12.49999999999948,29.999999999999932,600.0,2.6083968E7
700.0,95.240854785,6.38099075222755E-4,700.0,97.42857142857143,30.093209054594073,-50.0,18.181818181818375,700.0,2.6098456E7
800.0,110.259323275,7.396756547199087E-4,800.0,85.25,5.4335630710049765,-807.6923076923082,3.2786885245901676,800.0,2.6143896E7
900.0,125.302768015,8.414891874885442E-4,900.0,78.11111111111111,3.0575421560265723,-603.5714285714291,1.9900497512437936,900.0,2.6161376E7
1000.0,140.32874817,9.432213403875267E-4,1000.0,74.7,2.295477014335127,-295.31250000000034,1.5564202334630364,1000.0,2.6170848E7
1100.0,155.475443921,0.0010458092518346122,1100.0,70.81818181818181,1.7255775118285261,-234.37500000000006,1.2307692307692013,1100.0,2.6180664E7
1200.0,170.480693912,0.0011474673241428119,1200.0,70.41666666666667,1.5547873028785082,-203.41880341880326,1.1142061281337303,1200.0,2.618792E7
1300.0,185.596842992,0.0012498955838635985,1300.0,68.07692307692308,1.2895482190036152,-231.99999999999997,0.9546539379474975,1300.0,2.6192744E7
1400.0,200.679710062,0.0013521364674171587,1400.0,66.14285714285715,1.0992941625334243,-226.89655172413802,0.8368200836820183,1400.0,2.620252E7
1500.0,215.843940594,0.001454949689779426,1500.0,64.60000000000001,0.9599363358285189,-196.6480446927375,0.7476635514018801,1500.0,2.6207824E7
1600.0,231.182485892,0.0015589622863561197,1600.0,63.125,0.8453355293010438,-164.5739910313901,0.673400673400659,1600.0,2.621224E7
1700.0,246.537473636,0.0016631000143108353,1700.0,61.82352941176471,0.7534569424904439,-170.41666666666652,0.6125574272588264,1700.0,2.6215672E7
1800.0,261.903124598,0.001767354231715233,1800.0,61.33333333333333,0.697526949904862,-145.07042253521126,0.5714285714285466,1800.0,2.6226784E7
1900.0,277.315078405,0.0018719361010172012,1900.0,60.10526315789474,1.5476743868092235,-150.99337748344374,1.3020833333333375,1900.0,2.6230168E7
2000.0,292.709892524,0.0019764152691851525,2000.0,60.25,1.9119156664560908,-138.0239520958083,1.6089108910891239,2000.0,2.6233584E7
2100.0,308.247616032,0.002081886951421861,2100.0,59.0,2.7514231499051354,-132.07547169811326,2.3809523809523827,2100.0,2.6239216E7
2200.0,323.78685317,0.00218737833124391,2200.0,57.86363636363636,3.305644060081938,-132.91457286432163,2.9319371727748624,2200.0,2.624156E7
2300.0,339.27777695,0.002292552882589344,2300.0,57.913043478260875,5.146153485657337,-137.83783783783778,4.63054187192119,2300.0,2.6244344E7
2400.0,354.815745553,0.002398068065423192,2400.0,57.91666666666667,5.992293229583595,-134.33874709976797,5.430711610486893,2400.0,2.6249624E7
2500.0,370.461636479,0.002504326941986207,2500.0,58.28,7.364644024442252,-127.23311546840961,6.708407871198574,2500.0,2.6252296E7
2600.0,386.206884913,0.002611276017241486,2600.0,57.49999999999999,9.805320136174167,-140.74074074074076,9.277504105090308,2600.0,2.625608E7
2700.0,401.97472622,0.002718396893700273,2700.0,56.925925925925924,12.00553730958491,-153.37690631808275,11.760242792109246,2700.0,2.6260576E7
2800.0,417.751969039,0.002825595517936676,2800.0,57.03571428571429,14.99649225520232,-162.09150326797385,12.95224312590449,2800.0,2.6263976E7
2900.0,433.538867336,0.0029328857865149297,2900.0,56.72413793103448,16.6481923914079,-173.42047930283232,9.18958031837915,2900.0,2.6270352E7
3000.0,449.416193597,0.0030408061605889194,3000.0,56.599999999999994,18.274670755304392,-183.66013071895424,5.788712011577413,3000.0,2.6274136E7
3100.0,465.265091063,0.0031485466830218542,3100.0,56.96774193548387,20.423739641654752,-190.63180827886708,3.4732272069464583,3100.0,2.62774E7
3200.0,481.109387971,0.0032562617678211806,3200.0,56.99999999999999,21.56102677528031,-197.19222462203035,0.8645533141210191,3200.0,2.6278824E7
3300.0,496.923104868,0.0033637790065303218,3300.0,57.757575757575765,23.05517874675718,-194.71458773784354,1.9000703729768018,3300.0,2.628128E7
3400.0,512.816746686,0.0034718435679879996,3400.0,58.5,25.03083215244991,-195.80712788259967,1.1212333566923471,3400.0,2.6282232E7
3500.0,528.600856326,0.003579167151424091,3500.0,59.11428571428572,25.95186997216376,-194.44444444444431,2.785326086956539,3500.0,2.6283152E7
3600.0,544.444544952,0.003686902627970234,3600.0,59.833333333333336,27.063936748393292,-193.30628803245438,4.554455445544554,3600.0,2.6284808E7
3700.0,560.280364938,0.0037945948240199765,3700.0,60.48648648648649,28.050894010270856,-194.16498993963788,6.342088404868688,3700.0,2.6287304E7
3800.0,576.244399289,0.0039031642338256236,3800.0,60.94736842105263,29.079423449618485,-186.4864864864866,6.372239747634064,3800.0,2.6288584E7
3900.0,592.147373843,0.004011322069798298,3900.0,61.38461538461538,29.63299751641644,-181.49532710280386,8.00244349419669,3900.0,2.628948E7
4000.0,608.107968323,0.004119878259367998,4000.0,61.875,30.978329005712286,-185.04672897196252,6.841783750763598,4000.0,2.6291048E7
4100.0,624.073287151,0.004228477782860909,4100.0,62.48780487804878,32.292978625763716,-186.40595903165735,6.61809350333941,4100.0,2.629376E7
4200.0,640.022091712,0.004336968075494397,4200.0,63.023809523809526,33.30609380214776,-183.91224862888475,6.894484412470028,4200.0,2.6294512E7
4300.0,656.029975085,0.004445866772985239,4300.0,63.51162790697674,34.37598484170553,-186.31386861313865,6.0479041916167615,4300.0,2.6296088E7
4400.0,671.968678791,0.004554298515415539,4400.0,64.0909090909091,35.27455060874695,-183.1541218637993,7.494145199063223,4400.0,2.6296976E7
4500.0,687.941016611,0.004662964890221047,4500.0,64.71111111111111,36.271775816485544,-183.0659536541889,8.788052843193547,4500.0,2.6298384E7
4600.0,703.961142798,0.00477196139537333,4600.0,65.19565217391305,37.205129455693665,-184.8754448398577,8.357183743560388,4600.0,2.6299592E7
4700.0,719.899674267,0.004880406249211384,4700.0,65.85106382978724,38.194112844842195,-184.070796460177,10.28507546115148,4700.0,2.630044E7
4800.0,736.000050171,0.004990055679698906,4800.0,66.3125,38.949454905847375,-180.24263431542457,10.90909090909091,4800.0,2.6325264E7
4900.0,752.116395366,0.005099821304930012,4900.0,66.79591836734694,39.77737503293538,-179.07375643224702,11.14145275805572,4900.0,2.6327048E7
5000.0,768.269620098,0.00520984218883434,5000.0,67.28,40.60880764122143,-176.81895093062616,11.038607939097327,5000.0,2.6328024E7
5100.0,784.438437082,0.0053199770362268445,5100.0,67.6078431372549,41.16493594427721,-178.58347386171997,10.799136069114462,5100.0,2.632988E7
5200.0,800.58461945,0.005429962986366421,5200.0,68.11538461538461,41.98965212092764,-177.72194304857635,10.668103448275843,5200.0,2.6331144E7
5300.0,816.717523979,0.005539862362478445,5300.0,68.62264150943396,42.785786098722696,-175.7877280265341,10.687432867883972,5300.0,2.6332072E7
5400.0,832.882481906,0.005649989323976511,5400.0,68.81481481481482,43.03660450655778,-176.51888341543517,10.615711252653941,5400.0,2.633428E7
5500.0,849.092631902,0.005760436947374523,5500.0,69.30909090909091,43.786017758871324,-174.47154471544718,11.064278187565865,5500.0,2.6337328E7
5600.0,865.339707077,0.005871145675833781,5600.0,69.85714285714286,44.59864966241561,-173.58184764991884,11.157894736842124,5600.0,2.6339592E7
5700.0,881.596639165,0.005981926145780691,5700.0,70.3157894736842,45.260787701147194,-169.8564593301436,12.012480499219954,5700.0,2.634068E7
5800.0,897.858216886,0.0060927422103509805,5800.0,70.77586206896552,45.937830980245955,-165.25821596244114,12.583806085611169,5800.0,2.6341616E7
5900.0,914.143003133,0.006203723441866191,5900.0,71.13559322033899,46.47887834106842,-163.2148377125193,13.421453990849031,5900.0,2.634328E7
6000.0,930.439130412,0.00631479568951148,6000.0,71.48333333333333,46.92163035077637,-160.4261796042617,13.890286864620041,6000.0,2.6346536E7
6100.0,946.697148865,0.006425615527636327,6100.0,71.70491803278689,47.179666293647664,-157.22801788375557,14.849531327084383,6100.0,2.634828E7
6200.0,962.967565381,0.006536527417741824,6200.0,71.91935483870968,47.396583619071386,-152.6850507982584,15.69007263922518,6200.0,2.6350072E7
6300.0,979.236874242,0.0066474365384939,6300.0,72.3015873015873,47.9712404269638,-149.64234620886992,16.785884597043392,6300.0,2.6351208E7
6400.0,995.555971939,0.006758688518500618,6400.0,72.671875,48.52791189120378,-147.38330975954742,17.461066540821125,6400.0,2.6352024E7
6500.0,1011.79424292,0.006869395394350381,6500.0,73.07692307692307,49.163124472357914,-145.09803921568638,18.793503480278414,6500.0,2.6353432E7
6600.0,1028.050954193,0.006980241885066189,6600.0,73.24242424242425,49.34523778481243,-144.59833795013856,19.360730593607297,6600.0,2.6356736E7
6700.0,1044.317945723,0.007091163589052016,6700.0,73.61194029850746,49.914781219649655,-141.86046511627904,20.467836257309944,6700.0,2.6357952E7
6800.0,1060.642320876,0.007202485467153612,6800.0,73.86764705882352,50.292471273247585,-140.46008119079846,20.775746767721788,6800.0,2.6360056E7
6900.0,1076.953756742,0.007313723496101256,6900.0,74.23188405797102,50.79033808829114,-139.9460188933874,20.801781737193757,6900.0,2.6361096E7
7000.0,1093.211524024,0.007424602119772868,7000.0,74.41428571428571,51.05325493316975,-139.1188251001336,21.41290039491005,7000.0,2.6362664E7
7100.0,1109.522589016,0.007535848016797244,7100.0,74.77464788732394,51.574693581724716,-138.16489361702128,21.858638743455476,7100.0,2.636356E7
7200.0,1125.822207669,0.00764701868031608,7200.0,75.09722222222223,52.03488372093024,-138.11420982735714,22.212581344902393,7200.0,2.6364232E7
7300.0,1142.08413056,0.007757944660916714,7300.0,75.32876712328768,52.38446715135593,-137.91281373844112,22.935387248609352,7300.0,2.6367184E7
7400.0,1158.407910366,0.007869293864268741,7400.0,75.66216216216216,52.81813190757999,-137.9128137384412,22.935387248609338,7400.0,2.6367488E7
7500.0,1174.723634764,0.007980590922033494,7500.0,75.96000000000001,53.19733257503033,-137.54940711462456,22.915775972637885,7500.0,2.6368152E7
7600.0,1191.519402657,0.00809516473235038,7600.0,76.27631578947368,53.594951945708104,-137.54940711462447,22.91577597263787,7600.0,2.6368648E7
7700.0,1210.256243191,0.008222984781811393,7700.0,76.53246753246754,53.892172787159645,-138.07641633728602,22.744762719110728,7700.0,2.6369688E7
7800.0,1232.296810995,0.00837334448505564,7800.0,76.83333333333333,54.25817077079391,-138.07641633728588,22.74476271911071,7800.0,2.6370056E7
7900.0,1252.715771966,0.008512644579645422,7900.0,77.10126582278481,54.568424350772695,-138.33992094861648,22.659256092347167,7900.0,2.6370608E7
8000.0,1273.014501661,0.00865112973833669,8000.0,77.35,54.8453162388466,-138.73517786561257,22.530996152201798,8000.0,2.6371616E7
8100.0,1292.619617168,0.008784886709353155,8100.0,77.62962962962962,55.170409073529726,-138.7351778656126,22.530996152201798,8100.0,2.6372384E7
8200.0,1313.167432083,0.008925078232838956,8200.0,77.90243902439025,55.48309310889763,-138.73517786561268,22.530996152201812,8200.0,2.6372936E7
8300.0,1332.627160551,0.009057849132568461,8300.0,78.144578313253,55.74468715501316,-138.99868247694326,22.445489525438223,8300.0,2.6373544E7
8400.0,1351.594631119,0.009187310889707966,8400.0,78.36904761904762,55.97640722163675,-139.39393939393958,22.317229585292864,8400.0,2.6383624E7
8500.0,1370.733679424,0.009317947626047448,8500.0,78.5764705882353,56.17934012374024,-139.92094861660073,22.14621633176569,8500.0,2.6384408E7
8600.0,1389.65423311,0.00944709514496023,8600.0,78.82558139534885,56.450283479439,-139.92094861660075,22.146216331765743,8600.0,2.6384848E7
8700.0,1408.70714019,0.009577148720840983,8700.0,79.06896551724138,56.71178184270364,-139.9209486166009,22.146216331765707,8700.0,2.6385384E7
8800.0,1428.138223168,0.00970978811789657,8800.0,79.2840909090909,56.96005288506941,-138.92529488859773,22.260127931769723,8800.0,2.6386264E7
8900.0,1447.010999481,0.009838621236779546,8900.0,79.51685393258427,57.23882016283971,-138.30065359477118,22.45852828583582,8900.0,2.6387248E7
9000.0,1465.78650416,0.009966797335007634,9000.0,79.7,57.40186782045439,-138.82352941176475,22.28838792003405,9000.0,2.6388688E7
9100.0,1484.584465234,0.010095135413608632,9100.0,79.85714285714286,57.52143779095892,-139.60784313725475,22.033177371331362,9100.0,2.6390472E7
9200.0,1503.453926473,0.010223965506747848,9200.0,80.0,57.61701676776775,-140.52287581699326,21.73543173117823,9200.0,2.6391264E7
9300.0,1522.586134716,0.01035460010075764,9300.0,80.0,57.57946016000622,-139.07455012853475,21.91435768261966,9300.0,2.6393408E7
9324.0,1528.426410702,0.010394477624508484,9324.0,80.04075504075504,57.63358778625955,-137.97953964194372,22.03602848764138,9324.0,2.6393512E7
