learning evaluation instances,evaluation time (cpu seconds),model cost (RAM-Hours),classified instances,classifications correct (percent),Kappa Statistic (percent),Kappa Temporal Statistic (percent),Kappa M Statistic (percent),model training instances,model serialized size (bytes)
100.0,0.928356203,7.512021152694606E-8,100.0,100.0,?,?,?,100.0,312784.0
200.0,1.437038648,1.1907028832433332E-7,200.0,98.5,71.96261682242988,25.0,50.0,200.0,333976.0
300.0,1.816262955,1.5184697667187078E-7,300.0,97.66666666666667,52.18579234972677,-75.00000000000021,-16.666666666666483,300.0,334096.0
400.0,2.139159133,1.7975450732372905E-7,400.0,97.5,43.31065759637201,-150.0,-66.66666666666666,400.0,334088.0
500.0,2.49983666,2.1092743480318947E-7,500.0,96.2,28.00848742043029,-216.66666666666666,-137.5,500.0,334088.0
600.0,2.791464804,2.3615000975940785E-7,600.0,96.16666666666667,32.682926829268325,-187.5000000000005,-129.99999999999926,600.0,334320.0
700.0,3.013287406,2.554003756587952E-7,700.0,95.0,36.131386861313906,-191.6666666666672,-59.09090909090901,700.0,335456.0
800.0,3.22516727,2.7381068624296943E-7,800.0,94.375,78.45601436265709,-246.15384615384656,63.114754098360635,800.0,335872.0
900.0,3.434919182,2.9204347814673345E-7,900.0,93.66666666666667,81.58042138825455,-103.57142857142878,71.64179104477611,900.0,336008.0
1000.0,3.64799499,3.10572698114655E-7,1000.0,93.4,82.54032919415685,-3.1250000000000053,74.31906614785994,1000.0,336144.0
1100.0,3.861262463,3.2911637850592734E-7,1100.0,88.63636363636364,71.07698779974757,-30.208333333333336,61.53846153846153,1100.0,336104.0
1200.0,4.063928996,3.4674123958376747E-7,1200.0,86.91666666666666,66.64282324945644,-34.18803418803417,56.267409470752085,1200.0,336160.0
1300.0,4.279718953,3.655082702306968E-7,1300.0,83.92307692307692,59.85709895513214,-67.20000000000003,50.11933174224343,1300.0,336176.0
1400.0,4.497584346,3.844621119487099E-7,1400.0,82.35714285714286,57.44586592371268,-70.3448275862069,48.326359832635994,1400.0,336288.0
1500.0,4.713157432,4.0321965072492964E-7,1500.0,80.2,53.0410034784442,-65.92178770949722,44.48598130841123,1500.0,336344.0
1600.0,4.920993247,4.2130696169134437E-7,1600.0,78.625,50.15921362314828,-53.363228699551534,42.42424242424242,1600.0,336400.0
1700.0,5.135505461,4.3997751888184293E-7,1700.0,78.41176470588235,50.75427496148114,-52.91666666666664,43.79785604900459,1700.0,336440.0
1800.0,5.374583051,4.6078766369085556E-7,1800.0,78.77777777777779,52.09030100334447,-34.5070422535211,45.42857142857143,1800.0,336464.0
1900.0,5.58821983,4.793842361296073E-7,1900.0,79.42105263157895,54.76443896700466,-29.4701986754967,49.08854166666667,1900.0,336480.0
2000.0,5.795202983,4.974016262830402E-7,2000.0,80.25,56.700750666479586,-18.263473053892195,51.113861386138616,2000.0,336480.0
2100.0,6.017733799,5.167682584855065E-7,2100.0,80.95238095238095,59.193666857096225,-7.816711590296507,54.648526077097515,2100.0,336408.0
2200.0,6.228448225,5.351056500070274E-7,2200.0,81.63636363636364,61.35064031483053,-1.50753768844219,57.69633507853405,2200.0,336392.0
2300.0,6.448463834,5.542501988652247E-7,2300.0,82.17391304347827,62.79447795878591,-0.7371007371007077,59.60591133004927,2300.0,336352.0
2400.0,6.66508777,5.730969330263368E-7,2400.0,82.75,64.18003426257593,3.944315545243618,61.23595505617977,2400.0,336304.0
2500.0,6.883071919,5.920615574136793E-7,2500.0,83.32000000000001,65.47629140195733,9.150326797385642,62.70125223613597,2500.0,336296.0
2600.0,7.082227982,6.093852528015568E-7,2600.0,83.73076923076923,66.89124505536188,7.843137254901958,65.27093596059113,2600.0,336240.0
2700.0,7.301661383,6.284736914325549E-7,2700.0,84.11111111111111,68.04774273564065,6.535947712418341,67.45068285280729,2700.0,336256.0
2800.0,7.510714856,6.466565876267025E-7,2800.0,84.39285714285715,68.86263628322278,4.793028322440111,68.37916063675833,2800.0,336208.0
2900.0,7.72294443,6.651152931201584E-7,2900.0,84.82758620689656,69.87149579050961,4.139433551198259,68.16208393632417,2900.0,336200.0
3000.0,7.941963652,6.84162263056367E-7,3000.0,85.23333333333333,70.7352520203466,3.485838779956478,67.94500723589003,3000.0,336160.0
3100.0,8.156825275,7.02846334055772E-7,3100.0,85.70967741935483,71.66701052197236,3.485838779956406,67.94500723589,3100.0,336136.0
3200.0,8.376721086,7.219690813098312E-7,3200.0,86.0625,72.30845647584749,3.671706263498881,67.86743515850144,3200.0,336152.0
3300.0,8.632023856,7.441719722932414E-7,3300.0,86.0909090909091,72.32150688536095,2.9598308668076307,67.69880365939481,3300.0,336168.0
3400.0,8.866119834,7.645266983836767E-7,3400.0,86.32352941176471,72.67287302997515,2.515723270440259,67.41415557112825,3400.0,336104.0
3500.0,9.086658918,7.837017350034542E-7,3500.0,86.42857142857143,72.85467872675463,2.263374485596766,67.73097826086958,3500.0,336088.0
3600.0,9.31325781,8.034027109969533E-7,3600.0,86.47222222222221,72.90153854714407,1.2170385395536998,67.85478547854784,3600.0,336072.0
3700.0,9.534938986,8.226761305977282E-7,3700.0,86.56756756756756,73.062346407473,0.0,68.16143497757848,3700.0,336072.0
3800.0,9.758895708,8.421487813770648E-7,3800.0,86.76315789473684,73.38698448943221,2.895752895752865,68.26498422712935,3800.0,336096.0
3900.0,9.978182025,8.612144408230237E-7,3900.0,87.0,73.86662874356281,5.233644859813051,69.02871105681123,3900.0,336080.0
4000.0,10.182303999,8.789599597554407E-7,4000.0,87.325,74.38969687907895,5.233644859813087,69.02871105681123,4000.0,336048.0
4100.0,10.387970316,8.968380348787583E-7,4100.0,87.53658536585365,74.69461053542923,4.841713221601494,68.9738919247116,4100.0,336016.0
4200.0,10.603940076,9.156126573071755E-7,4200.0,87.73809523809524,75.01358484707343,5.850091407678257,69.12470023980815,4200.0,336032.0
4300.0,10.818737045,9.34285326998263E-7,4300.0,88.0232558139535,75.44214126341285,6.021897810219033,69.16167664670661,4300.0,336032.0
4400.0,11.040307678,9.535463843790547E-7,4400.0,87.8409090909091,75.02946819768344,4.12186379928317,68.6768149882904,4400.0,336024.0
4500.0,11.256424042,9.723346458964901E-7,4500.0,87.95555555555555,75.22100446062558,3.386809269162222,68.86846639862148,4500.0,336048.0
4600.0,11.473545705,9.912094052324964E-7,4600.0,88.17391304347825,75.53188139924315,3.202846975088932,68.86090440755581,4600.0,336032.0
4700.0,11.685059131,1.0095957553883085E-6,4700.0,88.25531914893617,75.68311568047254,2.300884955752221,69.14477361654556,4700.0,336016.0
4800.0,11.896739242,1.0279957188789734E-6,4800.0,88.16666666666667,75.44812308357311,1.5597920277296948,68.70523415977962,4800.0,336000.0
4900.0,12.106876761,1.0462602902605882E-6,4900.0,88.24489795918367,75.49673715232568,1.2006861063464982,68.54178044784273,4900.0,335976.0
5000.0,12.319974862,1.0647804231170172E-6,5000.0,88.28,75.41327102681397,0.8460236886632836,68.13485589994563,5000.0,335944.0
5100.0,12.523118276,1.0824337228411746E-6,5100.0,88.45098039215686,75.64443057799215,0.674536256323832,68.1965442764579,5100.0,335912.0
5200.0,12.730880248,1.1004875184006389E-6,5200.0,88.61538461538461,75.83163543454067,0.837520938023448,68.10344827586208,5200.0,335896.0
5300.0,12.939028099,1.1185748455082957E-6,5300.0,88.75471698113208,75.97264100137829,1.160862354892196,67.99140708915145,5300.0,335896.0
5400.0,13.146363356,1.1365915610126469E-6,5400.0,88.72222222222223,75.80021334312923,0.0,67.6751592356688,5400.0,335896.0
5500.0,13.360352268,1.155184684593692E-6,5500.0,88.78181818181818,75.80550865825558,-0.3252032520325026,67.49209694415174,5500.0,335864.0
5600.0,13.571550915,1.173533618520606E-6,5600.0,88.94642857142857,75.97615912398642,-0.32414910858992996,67.42105263157895,5600.0,335832.0
5700.0,13.781096956,1.1917389740736433E-6,5700.0,89.0,76.00053184416966,0.0,67.39469578783151,5700.0,335832.0
5800.0,13.982393144,1.2092275825747746E-6,5800.0,89.01724137931033,75.90327184860894,0.31298904538342215,67.14801444043322,5800.0,335832.0
5900.0,14.187449719,1.2270428934179084E-6,5900.0,89.0,75.79042911718872,-0.3091190108191605,67.0055922724962,5900.0,335832.0
6000.0,14.398863211,1.2454087429035293E-6,6000.0,89.05,75.80720589307496,0.0,66.93507800704579,6000.0,335800.0
6100.0,14.617949144,1.2644424706476558E-6,6100.0,88.9344262295082,75.56311949791841,-0.5961251862890932,66.69955599407994,6100.0,335824.0
6200.0,14.837820233,1.2835444111032789E-6,6200.0,88.70967741935483,75.02843823594904,-1.5965166908563606,66.10169491525423,6200.0,335824.0
6300.0,15.050672315,1.3020356738679116E-6,6300.0,88.6984126984127,74.96596999331958,-1.859799713877001,66.04673342870768,6300.0,335808.0
6400.0,15.269535554,1.321048242580531E-6,6400.0,88.8125,75.13967926149918,-1.2729844413012206,66.21047663992451,6400.0,335792.0
6500.0,15.486783132,1.339918660951667E-6,6500.0,88.92307692307693,75.38351484484515,-0.8403361344537748,66.58932714617171,6500.0,335760.0
6600.0,15.70218215,1.3586294024837974E-6,6600.0,88.80303030303031,75.10679671112064,-2.3545706371191035,66.25570776255708,6600.0,335776.0
6700.0,15.910254289,1.3767036910716243E-6,6700.0,88.82089552238806,75.11251762551309,-2.4623803009576277,66.3067926225821,6700.0,335776.0
6800.0,16.123767802,1.395251089174299E-6,6800.0,88.98529411764706,75.40563891352146,-1.353179972936396,66.60722246990638,6800.0,335784.0
6900.0,16.333412075,1.4134623758354706E-6,6900.0,89.14492753623189,75.59696101161106,-1.0796221322536914,66.63697104677063,6900.0,335784.0
7000.0,16.536195895,1.4310760329473522E-6,7000.0,89.07142857142857,75.39071095156102,-2.136181575433959,66.43264589732338,7000.0,335752.0
7100.0,16.751712572,1.4497947648135888E-6,7100.0,89.21126760563381,75.596820308672,-1.8617021276595507,66.57940663176265,7100.0,335736.0
7200.0,16.962174092,1.4680709457152155E-6,7200.0,89.26388888888889,75.59122940279734,-2.656042496679937,66.4642082429501,7200.0,335672.0
7300.0,17.184359714,1.4873661507353376E-6,7300.0,89.17808219178082,75.37327193348126,-4.359313077939262,66.19597774925117,7300.0,335688.0
7400.0,17.404579953,1.5064879419243464E-6,7400.0,89.32432432432432,75.53303947869219,-4.359313077939244,66.19597774925118,7400.0,335640.0
7500.0,17.629936867,1.5260538865860722E-6,7500.0,89.44,75.64161183637232,-4.3478260869565934,66.13937580162461,7500.0,335608.0
7600.0,17.846197235,1.5448282603667928E-6,7600.0,89.57894736842105,75.78980180796188,-4.34782608695644,66.13937580162464,7600.0,335576.0
7700.0,18.051780972,1.5626761812375654E-6,7700.0,89.68831168831169,75.8773966653533,-4.611330698287308,66.05386917486103,7700.0,335584.0
7800.0,18.254018285,1.5802327424590333E-6,7800.0,89.82051282051282,76.01514470963384,-4.611330698287204,66.05386917486105,7800.0,335568.0
7900.0,18.464817856,1.5985326076956758E-6,7900.0,89.94936708860759,76.14789990407596,-4.611330698287244,66.05386917486103,7900.0,335568.0
8000.0,18.680084234,1.6172193529262645E-6,8000.0,90.0,76.11443514408556,-5.401844532279244,65.79734929457034,8000.0,335552.0
8100.0,18.8804402,1.634611761935304E-6,8100.0,90.12345679012346,76.2390405324567,-5.401844532279275,65.79734929457034,8100.0,335552.0
8200.0,19.072777921,1.6513085248649642E-6,8200.0,90.2439024390244,76.35936021221222,-5.401844532279322,65.79734929457034,8200.0,335560.0
8300.0,19.282284936,1.6694940131571147E-6,8300.0,90.36144578313254,76.4756115508432,-5.401844532279249,65.79734929457034,8300.0,335528.0
8400.0,19.49839728,1.688252852815067E-6,8400.0,90.45238095238095,76.53555281015734,-5.6653491436100945,65.71184266780675,8400.0,335528.0
8500.0,19.714258358,1.7069898822491413E-6,8500.0,90.54117647058824,76.59245463221073,-5.928853754940663,65.62633604104317,8500.0,335528.0
8600.0,19.913292779,1.7242663354162607E-6,8600.0,90.65116279069767,76.69825486967852,-5.928853754940773,65.62633604104317,8600.0,335528.0
8700.0,20.109183694,1.7412707389044435E-6,8700.0,90.75862068965517,76.8007032887958,-5.928853754940788,65.62633604104316,8700.0,335544.0
8800.0,20.301892616,1.757998130322931E-6,8800.0,90.86363636363637,76.9362640672588,-5.373525557011776,65.71428571428574,8800.0,335528.0
8900.0,20.508252125,1.7759104108968938E-6,8900.0,90.96629213483146,77.06891394471916,-5.098039215686269,65.80178647384092,8900.0,335528.0
9000.0,20.715441973,1.7938947660033635E-6,9000.0,91.04444444444444,77.11195246404313,-5.359477124183115,65.71671629094,9000.0,335528.0
9100.0,20.926148805,1.812184836091207E-6,9100.0,91.12087912087912,77.15272518259518,-5.620915032679743,65.63164610803912,9100.0,335536.0
9200.0,21.13916039,1.8306749665829066E-6,9200.0,91.13043478260869,77.04134386918066,-6.6666666666666305,65.29136537643555,9200.0,335536.0
9300.0,21.361200491,1.8499488029889413E-6,9300.0,91.0,76.72407111578059,-7.583547557840624,64.86146095717885,9300.0,335536.0
9324.0,21.432511014,1.8561387990668605E-6,9324.0,91.001716001716,76.7142765462515,-7.28900255754472,64.85127775450357,9324.0,335536.0
