learning evaluation instances,evaluation time (cpu seconds),model cost (RAM-Hours),classified instances,classifications correct (percent),Kappa Statistic (percent),Kappa Temporal Statistic (percent),Kappa M Statistic (percent),model training instances,model serialized size (bytes)
100.0,8.298880924,5.204802332336522E-5,100.0,100.0,?,?,?,100.0,2.424304E7
200.0,18.667830143,1.2141395962367402E-4,200.0,98.5,65.9863945578232,25.0,50.0,200.0,2.5859128E7
300.0,29.833686444,1.9615324492158856E-4,300.0,99.0,66.21621621621627,24.99999999999979,50.0,300.0,2.5873744E7
400.0,41.056884999,2.7129619017916487E-4,400.0,99.25,66.32996632996662,25.000000000000554,50.00000000000037,400.0,2.5880576E7
500.0,52.36724677,3.470378429280985E-4,500.0,99.0,54.145267791636165,16.666666666666664,37.5,500.0,2.5885744E7
600.0,63.687119241,4.2286220887625075E-4,600.0,98.66666666666667,42.3076923076929,0.0,20.0000000000004,600.0,2.589224E7
700.0,75.095714494,4.993238192169861E-4,700.0,97.28571428571429,28.800856531049252,-58.333333333333435,13.636363636363779,700.0,2.5906792E7
800.0,86.648059158,5.76884750904105E-4,800.0,85.25,6.475390346358065,-807.6923076923082,3.2786885245901676,800.0,2.5952168E7
900.0,98.153847441,6.54184805954764E-4,900.0,78.11111111111111,3.5826155050900983,-603.5714285714291,1.9900497512437936,900.0,2.5969632E7
1000.0,109.679997005,7.316501855532806E-4,1000.0,74.7,2.660859662352423,-295.31250000000034,1.5564202334630364,1000.0,2.59792E7
1100.0,121.302537357,8.097928582290789E-4,1100.0,70.81818181818181,1.9711271515824247,-234.37500000000006,1.2307692307692013,1100.0,2.5989E7
1200.0,132.920810368,8.879286490166765E-4,1200.0,70.41666666666667,1.7736089206164818,-203.41880341880326,1.1142061281337303,1200.0,2.5996256E7
1300.0,144.634842221,9.667229637712295E-4,1300.0,68.07692307692308,1.4561475290060315,-231.99999999999997,0.9546539379474975,1300.0,2.6001048E7
1400.0,156.361349852,0.0010456308051998461,1400.0,66.14285714285715,1.2300108355262604,-226.89655172413802,0.8368200836820183,1400.0,2.6010808E7
1500.0,168.174897584,0.001125140306190685,1500.0,64.60000000000001,1.0657325980026837,-196.6480446927375,0.7476635514018801,1500.0,2.6016032E7
1600.0,180.018407561,0.0012048649453268868,1600.0,63.125,0.9310799351853962,-164.5739910313901,0.673400673400659,1600.0,2.6020432E7
1700.0,191.843459716,0.0012844761282329396,1700.0,61.882352941176464,1.0116295160748485,-169.99999999999994,0.7656967840735042,1700.0,2.602396E7
1800.0,203.6777952,0.001364183781352046,1800.0,61.5,1.2820512820512833,-144.01408450704224,0.9999999999999851,1800.0,2.6035056E7
1900.0,215.602488695,0.0014445104610548807,1900.0,60.473684210526315,2.674822456067612,-148.67549668874176,2.213541666666657,1900.0,2.603844E7
2000.0,227.487326052,0.0015245791662016027,2000.0,60.6,2.982428492632577,-135.9281437125748,2.4752475247524774,2000.0,2.6041856E7
2100.0,239.510486965,0.0016055970823237278,2100.0,59.42857142857143,3.958878167553471,-129.64959568733155,3.401360544217701,2100.0,2.6047424E7
2200.0,251.5797161,0.0016869328471989813,2200.0,58.31818181818181,4.506295559973469,-130.4020100502513,3.979057591623024,2200.0,2.60498E7
2300.0,263.585934406,0.0017678526228294845,2300.0,58.34782608695652,6.255451130218746,-135.38083538083535,5.615763546798033,2300.0,2.6052584E7
2400.0,275.578797817,0.0018486987703725144,2400.0,58.375,7.139736570583991,-131.7865429234339,6.460674157303359,2400.0,2.6057864E7
2500.0,287.647954443,0.001930067567609131,2500.0,58.8,8.647774198583791,-124.40087145969503,7.871198568872989,2500.0,2.6060536E7
2600.0,299.832010281,0.0020122230800206356,2600.0,58.03846153846154,11.021356631019994,-137.69063180827888,10.42692939244664,2600.0,2.6064368E7
2700.0,312.074519028,0.0020947869216492226,2700.0,57.51851851851851,13.244129992895687,-149.89106753812632,12.974203338391485,2700.0,2.6068848E7
2800.0,324.317810192,0.002177366859582617,2800.0,57.67857142857142,16.253148709975417,-158.1699346405229,14.254703328509393,2800.0,2.6072264E7
2900.0,336.585110801,0.0022601289229799916,2900.0,57.48275862068966,18.048078827127455,-168.6274509803922,10.781476121562948,2900.0,2.6078624E7
3000.0,348.90655728,0.0023432682444180166,3000.0,57.46666666666667,19.795776748988438,-177.99564270152501,7.670043415340086,3000.0,2.6082376E7
3100.0,361.25451173,0.002426596906880541,3100.0,57.87096774193549,21.94260083876133,-184.53159041394335,5.499276410998557,3100.0,2.6085656E7
3200.0,373.572529272,0.0025097280816080802,3200.0,57.96875,23.136598265858797,-190.49676025917933,3.0979827089337157,3200.0,2.608708E7
3300.0,385.862496098,0.002592677757834525,3300.0,58.78787878787879,24.724282557670282,-187.5264270613108,4.292751583391992,3300.0,2.6089536E7
3400.0,398.315765854,0.00267673269488512,3400.0,59.55882352941176,26.705940785298417,-188.2599580712789,3.644008409250168,3400.0,2.6090488E7
3500.0,410.611472801,0.0027597272207224555,3500.0,60.25714285714285,27.772334719780094,-186.21399176954725,5.502717391304344,3500.0,2.6091456E7
3600.0,422.903702937,0.0028427032393221895,3600.0,60.97222222222223,28.887764140199927,-184.98985801217037,7.260726072607262,3600.0,2.6093016E7
3700.0,435.224465496,0.002925880070537328,3700.0,61.70270270270271,30.01258542685528,-185.11066398390346,9.224855861627173,3700.0,2.6095592E7
3800.0,447.593786586,0.003009388711425774,3800.0,62.28947368421053,31.227930144328646,-176.64092664092672,9.589905362776033,3800.0,2.609684E7
3900.0,459.916380893,0.003092584743457314,3900.0,62.76923076923077,31.869975940096396,-171.4018691588786,11.30116065974342,3900.0,2.6097736E7
4000.0,472.358108713,0.003176590152651739,4000.0,63.349999999999994,33.314516442679704,-174.018691588785,10.445937690897972,4000.0,2.6099304E7
4100.0,484.753452981,0.003260291440018862,4100.0,64.04878048780488,34.73767100935339,-174.48789571694599,10.503946569520348,4100.0,2.6102128E7
4200.0,497.17463052,0.003344169432354644,4200.0,64.57142857142857,35.705608722704504,-172.02925045703836,10.79136690647481,4200.0,2.6102832E7
4300.0,509.646773824,0.0034283967240656232,4300.0,65.09302325581395,36.79517260559435,-173.90510948905106,10.119760479041915,4300.0,2.6104424E7
4400.0,522.055028214,0.003512195460906107,4400.0,65.70454545454545,37.75541504264762,-170.43010752688167,11.651053864168633,4400.0,2.6105328E7
4500.0,534.502302872,0.0035962622537671213,4500.0,66.26666666666667,38.66892442118852,-170.5882352941176,12.808730614589296,4500.0,2.6106736E7
4600.0,547.005933396,0.0036807134686434335,4600.0,66.82608695652173,39.69754620316006,-171.53024911032034,12.650257584430442,4600.0,2.6107912E7
4700.0,559.394499233,0.0037643904439287174,4700.0,67.48936170212765,40.71782805495604,-170.44247787610624,14.589155953046385,4700.0,2.6108824E7
4800.0,571.934013262,0.0038491674041542085,4800.0,68.02083333333333,41.583060990519144,-166.03119584055455,15.426997245179066,4800.0,2.6133616E7
4900.0,584.511697825,0.003934208232038193,4900.0,68.44897959183673,42.30614861364617,-165.18010291595203,15.565264882577834,4900.0,2.61354E7
5000.0,597.091333839,0.004019265482489702,5000.0,68.94,43.136165340258835,-162.77495769881563,15.551930396954875,5000.0,2.6136392E7
5100.0,609.66907737,0.004104315819910371,5100.0,69.35294117647058,43.81427705066997,-163.5750421585159,15.604751619870402,5100.0,2.61382E7
5200.0,622.271498724,0.004189537149018178,5200.0,69.86538461538461,44.63589765889561,-162.47906197654947,15.571120689655174,5200.0,2.6139464E7
5300.0,634.89317403,0.004274891709227089,5300.0,70.39622641509435,45.46183607424384,-160.19900497512438,15.73576799140709,5300.0,2.6140392E7
5400.0,647.529824948,0.004360354760779069,5400.0,70.66666666666667,45.83224410142927,-160.09852216748774,15.923566878980896,5400.0,2.61426E7
5500.0,660.216004228,0.0044461628863823694,5500.0,71.14545454545454,46.559558433848835,-158.0487804878049,16.385669125395157,5500.0,2.614568E7
5600.0,672.90445711,0.0045319938745431235,5600.0,71.66071428571429,47.31887752077678,-157.21231766612632,16.47368421052633,5600.0,2.614796E7
5700.0,685.54374069,0.0046174957623762265,5700.0,72.08771929824562,47.94217550008507,-153.74800637958538,17.264690587623488,5700.0,2.6149032E7
5800.0,698.234450328,0.004703348608809892,5800.0,72.51724137931035,48.577687949351485,-149.4522691705789,17.792676637442003,5800.0,2.6149968E7
5900.0,710.897637735,0.00478902050848738,5900.0,72.83050847457628,49.045332020760945,-147.75888717156107,18.50533807829182,5900.0,2.6151568E7
6000.0,723.58314699,0.0048748541629373855,6000.0,73.15,49.4519622114458,-145.20547945205467,18.922999496728764,6000.0,2.615484E7
6100.0,736.257640181,0.004960618788212752,6100.0,73.39344262295083,49.79060782155454,-141.87779433681072,19.930932412432178,6100.0,2.615652E7
6200.0,748.920670026,0.00504631181965039,6200.0,73.62903225806451,50.055182199798985,-137.30043541364302,20.82324455205811,6200.0,2.6158344E7
6300.0,761.602791868,0.0051321377246910755,6300.0,73.98412698412699,50.59996520942377,-134.47782546495,21.840724845016695,6300.0,2.6159464E7
6400.0,774.330658218,0.005218275891260709,6400.0,74.359375,51.17232175833202,-132.10749646393205,22.557810287871646,6400.0,2.616028E7
6500.0,787.051632204,0.005304372204081568,6500.0,74.73846153846154,51.781352173227525,-129.97198879551823,23.805104408352683,6500.0,2.6161736E7
6600.0,799.793222032,0.0053906188315116736,6600.0,74.89393939393939,51.96658453348794,-129.50138504155132,24.33789954337898,6600.0,2.6165008E7
6700.0,812.514632693,0.005476732817297149,6700.0,75.26865671641791,52.57566603126088,-126.6757865937072,25.461088618983375,6700.0,2.6166208E7
6800.0,825.299965354,0.005563286464091162,6800.0,75.54411764705883,52.989117872915145,-125.03382949932342,25.858225590726715,6800.0,2.6168312E7
6900.0,838.09300482,0.005649895726064521,6900.0,75.8840579710145,53.45052598035222,-124.56140350877195,25.87973273942096,6900.0,2.6169352E7
7000.0,850.813879552,0.005736021538093987,7000.0,76.08571428571429,53.761449644450884,-123.49799732977303,26.54673102237826,7000.0,2.6170904E7
7100.0,863.622982743,0.005822747663965494,7100.0,76.4225352112676,54.251605316227206,-122.60638297872337,26.9633507853403,7100.0,2.61718E7
7200.0,876.396720186,0.005909236402317014,7200.0,76.72222222222223,54.680706514085095,-122.57636122177946,27.288503253796097,7200.0,2.6172424E7
7300.0,889.156005169,0.005995637188102301,7300.0,76.94520547945206,55.0337765478923,-122.32496697490092,27.984595635430033,7300.0,2.6175424E7
7400.0,901.978231113,0.0060824652995082815,7400.0,77.25675675675676,55.43637444122821,-122.32496697490085,27.984595635430065,7400.0,2.617576E7
7500.0,914.783605288,0.006169181495667454,7500.0,77.52,55.76349066604405,-122.13438735177876,27.917913638306956,7500.0,2.6176424E7
7600.0,927.596894268,0.006255952986956119,7600.0,77.81578947368422,56.13311055259972,-122.13438735177856,27.91791363830699,7600.0,2.6176936E7
7700.0,940.425331049,0.006342830457408133,7700.0,78.05194805194805,56.40167070754464,-122.66139657444015,27.74690038477982,7700.0,2.617796E7
7800.0,953.255481313,0.006429720594141439,7800.0,78.33333333333333,56.74213897816808,-122.66139657444003,27.74690038477981,7800.0,2.617828E7
7900.0,966.107649145,0.00651676178304705,7900.0,78.60759493670886,57.06890911168752,-122.66139657444003,27.746900384779806,7900.0,2.6178864E7
8000.0,978.956316929,0.006603782724827571,8000.0,78.8375,57.32054714403119,-123.05665349143595,27.61864044463449,8000.0,2.6179904E7
8100.0,991.826870543,0.006690954344680998,8100.0,79.09876543209876,57.622865661273394,-123.05665349143608,27.618640444634458,8100.0,2.618064E7
8200.0,1004.671279996,0.00677795077881485,8200.0,79.35365853658537,57.91371137608516,-123.05665349143612,27.61864044463448,8200.0,2.6181208E7
8300.0,1017.523177618,0.006864999952520865,8300.0,79.60240963855422,58.19372520598335,-123.05665349143602,27.61864044463447,8300.0,2.6181816E7
8400.0,1030.40913936,0.0069523134539455494,8400.0,79.82142857142858,58.42347226555342,-123.32015810276688,27.53313381787092,8400.0,2.6191896E7
8500.0,1043.309601469,0.007039727717553063,8500.0,80.01176470588234,58.604535279260794,-123.84716732542816,27.362120564343712,8500.0,2.6192648E7
8600.0,1056.206522941,0.007127119457638099,8600.0,80.24418604651163,58.85639277730527,-123.84716732542829,27.362120564343734,8600.0,2.6193088E7
8700.0,1069.119834742,0.007214624051994686,8700.0,80.47126436781609,59.09951811405482,-123.84716732542829,27.362120564343726,8700.0,2.6193624E7
8800.0,1082.031992809,0.007302123767831265,8800.0,80.67045454545455,59.32915162557868,-122.93577981651379,27.4626865671642,8800.0,2.6194504E7
8900.0,1094.930719535,0.007389535802599525,8900.0,80.88764044943821,59.590828747155264,-122.35294117647058,27.64780944279029,8900.0,2.6195504E7
9000.0,1107.853930852,0.0074771185787081825,9000.0,81.05555555555556,59.735307336240126,-122.8758169934641,27.47766907698853,9000.0,2.6196944E7
9100.0,1120.79114731,0.007564802455022827,9100.0,81.21978021978022,59.87373148108682,-123.39869281045736,27.30752871118675,9100.0,2.6198792E7
9200.0,1133.758381697,0.007652692278087512,9200.0,81.34782608695652,59.950064423590874,-124.31372549019596,27.00978307103359,9200.0,2.6199536E7
9300.0,1146.65638873,0.007740120150023782,9300.0,81.33333333333333,59.88993134124564,-123.13624678663247,27.120067170445004,9300.0,2.6201712E7
9324.0,1150.466094811,0.007765943954675362,9324.0,81.37065637065636,59.940258855208405,-122.1227621483376,27.23083368244657,9324.0,2.62018E7
