learning evaluation instances,evaluation time (cpu seconds),model cost (RAM-Hours),classified instances,classifications correct (percent),Kappa Statistic (percent),Kappa Temporal Statistic (percent),Kappa M Statistic (percent),model training instances,model serialized size (bytes)
100.0,0.923642463,7.426471695210785E-8,100.0,100.0,?,?,?,100.0,310800.0
200.0,1.404032111,1.1552572347471697E-7,200.0,98.5,65.9863945578232,25.0,50.0,200.0,332008.0
300.0,1.746455252,1.4495157146164113E-7,300.0,98.0,48.97959183673481,-50.00000000000042,0.0,300.0,332176.0
400.0,2.07847028,1.7348506833012734E-7,400.0,97.75,38.90020366598787,-124.99999999999945,-49.99999999999963,400.0,332200.0
500.0,2.394400856,2.0062710739638244E-7,500.0,96.6,24.511545293072707,-183.33333333333331,-112.5,500.0,332088.0
600.0,2.716962764,2.2835420774649418E-7,600.0,96.33333333333334,25.000000000000227,-175.0000000000002,-119.99999999999906,600.0,332272.0
700.0,3.025673288,2.54967326011517E-7,700.0,95.28571428571428,32.895654194747856,-175.00000000000034,-49.99999999999982,700.0,333232.0
800.0,3.274377024,2.764383008184284E-7,800.0,94.625,78.99416233115949,-230.76923076923083,64.75409836065576,800.0,333712.0
900.0,3.486467362,2.9475496899607696E-7,900.0,93.88888888888889,82.03397212543554,-96.42857142857159,72.636815920398,900.0,333832.0
1000.0,3.701163239,3.1329976858733014E-7,1000.0,93.30000000000001,82.20716175017793,-4.687500000000008,73.92996108949418,1000.0,333888.0
1100.0,3.929800901,3.3305402372714546E-7,1100.0,88.27272727272727,70.09483667017912,-34.37500000000003,60.30769230769229,1100.0,333976.0
1200.0,4.20894462,3.571771930651946E-7,1200.0,86.5,65.49214520280464,-38.461538461538424,54.874651810584965,1200.0,334048.0
1300.0,4.457248574,3.7864140420848294E-7,1300.0,83.61538461538461,59.032886132432225,-70.40000000000003,49.164677804295934,1300.0,334144.0
1400.0,4.671361965,3.9715893314455945E-7,1400.0,82.14285714285714,56.905467834241186,-72.41379310344837,47.698744769874466,1400.0,334304.0
1500.0,4.906917069,4.175293793328106E-7,1500.0,79.86666666666666,52.18543186160163,-68.71508379888277,43.55140186915887,1500.0,334280.0
1600.0,5.126008734,4.3647563898861404E-7,1600.0,78.375,49.50047799403053,-55.15695067264574,41.75084175084173,1600.0,334272.0
1700.0,5.363458564,4.570119039021225E-7,1700.0,77.88235294117646,49.40500219255544,-56.66666666666662,42.41960183767228,1700.0,334312.0
1800.0,5.603996477,4.778157449074503E-7,1800.0,78.27777777777779,50.83822296730931,-37.67605633802814,44.14285714285714,1800.0,334320.0
1900.0,5.827052953,4.971067137227042E-7,1900.0,78.94736842105263,53.6101100661178,-32.450331125827816,47.91666666666667,1900.0,334304.0
2000.0,6.045892463,5.160320737434924E-7,2000.0,79.7,55.372845585648975,-21.556886227544858,49.752475247524764,2000.0,334288.0
2100.0,6.240142798,5.328281343659862E-7,2100.0,80.42857142857143,57.982334178457506,-10.781671159029676,53.40136054421769,2100.0,334232.0
2200.0,6.458407446,5.516979076249669E-7,2200.0,81.0,59.94058172408837,-5.025125628140675,56.23036649214661,2200.0,334184.0
2300.0,6.679723772,5.708328836671449E-7,2300.0,81.34782608695652,61.0163330778409,-5.405405405405399,57.73399014778325,2300.0,334208.0
2400.0,6.897392689,5.896516043016708E-7,2400.0,81.91666666666667,62.39950097033547,-0.6960556844547416,59.36329588014981,2400.0,334192.0
2500.0,7.177614839,6.138766692226567E-7,2500.0,82.39999999999999,63.51788419647807,4.139433551198224,60.64400715563506,2500.0,334168.0
2600.0,7.43736285,6.363322926281083E-7,2600.0,82.84615384615385,65.06168137796054,2.8322440087145995,63.38259441707718,2600.0,334176.0
2700.0,7.650720591,6.54776521217581E-7,2700.0,83.25925925925925,66.32457764993896,1.5250544662309355,65.70561456752655,2700.0,334160.0
2800.0,7.862435018,6.730769368719E-7,2800.0,83.53571428571429,67.15799072444771,-0.4357298474945247,66.6425470332851,2800.0,334128.0
2900.0,8.072033284,6.911948671484718E-7,2900.0,83.93103448275862,68.11165498481327,-1.5250544662309893,66.2807525325615,2900.0,334136.0
3000.0,8.284457286,7.095557385966079E-7,3000.0,84.36666666666667,69.0498501986353,-2.178649237472744,66.06367583212736,3000.0,334112.0
3100.0,8.495026109,7.27754950239795E-7,3100.0,84.87096774193549,70.04565570325441,-2.178649237472735,66.06367583212736,3100.0,334088.0
3200.0,8.706473147,7.460291897315533E-7,3200.0,85.25,70.74229040756238,-1.943844492440602,65.99423631123919,3200.0,334072.0
3300.0,8.923177573,7.647586942071013E-7,3300.0,85.3030303030303,70.79277230151129,-2.536997885835112,65.86910626319494,3300.0,334088.0
3400.0,9.144005357,7.838427474794579E-7,3400.0,85.55882352941177,71.18840991916738,-2.9350104821803153,65.59215136650315,3400.0,334056.0
3500.0,9.319176328,7.989811149519786E-7,3500.0,85.68571428571428,71.41035716265526,-3.0864197530863757,65.96467391304348,3500.0,334056.0
3600.0,9.42837331,8.084179755857319E-7,3600.0,85.80555555555556,71.61111111111111,-3.6511156186612617,66.27062706270627,3600.0,334056.0
3700.0,9.532616383,8.174267167974182E-7,3700.0,86.02702702702703,72.03043621933494,-4.024144869215335,66.88020499679692,3700.0,334056.0
3800.0,9.682137247,8.303486979775298E-7,3800.0,86.23684210526315,72.38210909859006,-0.9652509652510093,67.00315457413248,3800.0,334064.0
3900.0,9.864136847,8.460775758282344E-7,3900.0,86.48717948717949,72.88508118776352,1.4953271028037172,67.8069639584606,3900.0,334064.0
4000.0,10.069538636,8.638289315976824E-7,4000.0,86.775,73.33706983974017,1.121495327102846,67.68478924862555,4000.0,334064.0
4100.0,10.288266703,8.827310735413641E-7,4100.0,87.0,73.66666795202279,0.7448789571694605,67.6381299332119,4100.0,334048.0
4200.0,10.499069643,9.009474656841864E-7,4200.0,87.21428571428571,74.00846332558912,1.8281535648994447,67.80575539568345,4200.0,334032.0
4300.0,10.72769954,9.2070246945055E-7,4300.0,87.51162790697674,74.45832761832284,2.007299270072982,67.8443113772455,4300.0,334000.0
4400.0,10.950468843,9.399506214593414E-7,4400.0,87.3409090909091,74.06760622038853,0.17921146953406225,67.3887587822014,4400.0,333992.0
4500.0,11.158157952,9.578962146838694E-7,4500.0,87.46666666666667,74.27905863381467,-0.534759358288711,67.60482481332568,4500.0,334000.0
4600.0,11.384020607,9.774102422438543E-7,4600.0,87.69565217391305,74.60826450472169,-0.7117437722420252,67.60160274756724,4600.0,333968.0
4700.0,11.601461479,9.961957465799464E-7,4700.0,87.82978723404256,74.8707785590648,-1.2389380530973426,68.0268306316378,4700.0,333952.0
4800.0,11.808014176,1.0140414370144595E-6,4800.0,87.70833333333333,74.56149569782075,-2.25303292894279,67.4931129476584,4800.0,333968.0
4900.0,12.021830585,1.0325151384139477E-6,4900.0,87.77551020408163,74.58659381565266,-2.744425385934853,67.28563626433642,4900.0,333976.0
5000.0,12.238341674,1.0512207635222977E-6,5000.0,87.82,74.51893080262104,-3.0456852791878584,66.88417618270799,5000.0,333960.0
5100.0,12.447161145,1.0692592729360404E-6,5100.0,88.0,74.76477197094796,-3.2040472175378913,66.95464362850973,5100.0,333912.0
5200.0,12.64384706,1.0862496460668971E-6,5200.0,88.15384615384615,74.92214842781159,-3.182579564489179,66.81034482758619,5200.0,333912.0
5300.0,12.855109427,1.1044983063736103E-6,5300.0,88.30188679245283,75.07680228243703,-2.8192371475953464,66.70247046186896,5300.0,333896.0
5400.0,13.066612265,1.122767738357054E-6,5400.0,88.25925925925927,74.87618618216658,-4.105090311986883,66.34819532908706,5400.0,333896.0
5500.0,13.2794318,1.1411509054870883E-6,5500.0,88.3090909090909,74.85317925782995,-4.552845528455333,66.1222339304531,5500.0,333896.0
5600.0,13.495048311,1.1597721030524828E-6,5600.0,88.48214285714285,75.03559432149619,-4.538087520259322,66.05263157894737,5600.0,333832.0
5700.0,13.704700397,1.1778781975036777E-6,5700.0,88.47368421052632,74.90846201716427,-4.784688995215326,65.83463338533541,5700.0,333832.0
5800.0,13.919273358,1.1964092714016905E-6,5800.0,88.5,74.82522251624393,-4.381846635367709,65.60082516761217,5800.0,333832.0
5900.0,14.148807253,1.2162324101164689E-6,5900.0,88.49152542372882,74.72788682211426,-4.94590417310667,65.48042704626334,5900.0,333832.0
6000.0,14.375310945,1.235792915144215E-6,6000.0,88.55,74.75900421393587,-4.566210045662103,65.42526421741319,6000.0,333816.0
6100.0,14.593147964,1.254606332339806E-6,6100.0,88.40983606557377,74.45426171412514,-5.3651266766021415,65.12086827824369,6100.0,333840.0
6200.0,14.810961531,1.2734168225352924E-6,6200.0,88.19354838709678,73.93654930341833,-6.240928882438338,64.55205811138015,6200.0,333824.0
6300.0,15.031723879,1.2924810571725297E-6,6300.0,88.15873015873017,73.81361431295088,-6.723891273247536,64.42536957558417,6300.0,333808.0
6400.0,15.250979282,1.3114142499678213E-6,6400.0,88.25,73.92641775916066,-6.364922206506404,64.51156205757431,6400.0,333792.0
6500.0,15.468336651,1.3301826436081614E-6,6500.0,88.3076923076923,74.03985565318929,-6.442577030812341,64.73317865429235,6500.0,333776.0
6600.0,15.687561768,1.3491114063016162E-6,6600.0,88.13636363636364,73.63660572446533,-8.448753462603909,64.24657534246575,6600.0,333760.0
6700.0,15.907415987,1.3680944881471415E-6,6700.0,88.16417910447761,73.66227914504202,-8.481532147742794,64.32748538011697,6700.0,333760.0
6800.0,16.130108008,1.387321214374596E-6,6800.0,88.22058823529412,73.6863921139178,-8.389715832205717,64.28889879625501,6800.0,333736.0
6900.0,16.348719909,1.4061956722546579E-6,6900.0,88.39130434782608,73.89087349764696,-8.097165991902893,64.3207126948775,6900.0,333736.0
7000.0,16.555221391,1.4240245439050598E-6,7000.0,88.3,73.64766994471941,-9.345794392523374,64.0631856077227,7000.0,333736.0
7100.0,16.76290605,1.4419555683858842E-6,7100.0,88.4225352112676,73.80094500110789,-9.308510638297857,64.13612565445025,7100.0,333736.0
7200.0,16.977899824,1.4605167554462478E-6,7200.0,88.48611111111111,73.81103650167958,-10.09296148738378,64.0347071583514,7200.0,333720.0
7300.0,17.187855506,1.4786438549246457E-6,7300.0,88.41095890410959,73.61574514308498,-11.756935270805744,63.79974326059051,7300.0,333736.0
7400.0,17.391976635,1.4962663673716415E-6,7400.0,88.56756756756756,73.78670997417277,-11.756935270805855,63.79974326059049,7400.0,333720.0
7500.0,17.57900526,1.512412448218695E-6,7500.0,88.69333333333333,73.9072234405689,-11.725955204216104,63.745190252244555,7500.0,333704.0
7600.0,17.774231281,1.52926620586416E-6,7600.0,88.8421052631579,74.06577766732198,-11.72595520421599,63.74519025224457,7600.0,333704.0
7700.0,17.97966218,1.547001370312957E-6,7700.0,88.96103896103897,74.16373191135567,-11.989459815546798,63.65968362548099,7700.0,333712.0
7800.0,18.173353666,1.563723053240226E-6,7800.0,89.1025641025641,74.3110936631474,-11.989459815546706,63.65968362548099,7800.0,333712.0
7900.0,18.377676062,1.5813616731920304E-6,7900.0,89.24050632911393,74.4531159703749,-11.989459815546764,63.659683625480966,7900.0,333696.0
8000.0,18.576356118,1.598513204636421E-6,8000.0,89.3,74.42976470977449,-12.7799736495388,63.40316374519026,8000.0,333696.0
8100.0,18.775141914,1.6156738643394373E-6,8100.0,89.4320987654321,74.56300619658023,-12.77997364953882,63.40316374519026,8100.0,333696.0
8200.0,18.984254828,1.6337256044440886E-6,8200.0,89.5609756097561,74.69166645814357,-12.779973649538881,63.40316374519026,8200.0,333688.0
8300.0,19.192318621,1.6516859176182109E-6,8300.0,89.6867469879518,74.81597777476718,-12.779973649538857,63.40316374519025,8300.0,333672.0
8400.0,19.40121216,1.6697178554503292E-6,8400.0,89.78571428571429,74.88411363035866,-13.043478260869575,63.31765711842671,8400.0,333672.0
8500.0,19.608012055,1.6875690674513314E-6,8500.0,89.88235294117646,74.94896064916941,-13.30698287220024,63.232150491663084,8500.0,333672.0
8600.0,19.816093055,1.7055308659540846E-6,8600.0,90.0,75.06206329528871,-13.306982872200255,63.23215049166312,8600.0,333672.0
8700.0,20.019459883,1.7230857315433508E-6,8700.0,90.11494252873563,75.17158386778142,-13.306982872200296,63.232150491663106,8700.0,333672.0
8800.0,20.23346218,1.7415586634200736E-6,8800.0,90.22727272727272,75.31660659439294,-12.712975098296294,63.326226012793164,8800.0,333672.0
8900.0,20.439670615,1.7593588198929763E-6,8900.0,90.3370786516854,75.45851755209776,-12.418300653594711,63.41982135261593,8900.0,333672.0
9000.0,20.641966296,1.7768203854592606E-6,9000.0,90.42222222222223,75.50843052352924,-12.679738562091506,63.334751169715034,9000.0,333656.0
9100.0,20.823425728,1.7924838031153513E-6,9100.0,90.50549450549451,75.55588870094708,-12.94117647058813,63.24968098681414,9100.0,333664.0
9200.0,21.016545313,1.8091545142269391E-6,9200.0,90.54347826086956,75.50180140114762,-13.72549019607831,62.99447043811146,9200.0,333680.0
9300.0,21.215166051,1.8263001027697498E-6,9300.0,90.43010752688173,75.2266861477039,-14.395886889460204,62.63643996641477,9300.0,333680.0
9324.0,21.280506962,1.831940542868298E-6,9324.0,90.43329043329044,75.21981407102044,-14.066496163682821,62.63091746962716,9324.0,333680.0
