learning evaluation instances,evaluation time (cpu seconds),model cost (RAM-Hours),classified instances,classifications correct (percent),Kappa Statistic (percent),Kappa Temporal Statistic (percent),Kappa M Statistic (percent),model training instances,model serialized size (bytes)
100.0,13.054728276,8.252366746392697E-5,100.0,100.0,?,?,?,100.0,2.443504E7
200.0,28.489393637,1.8654104715428243E-4,200.0,98.5,65.9863945578232,25.0,50.0,200.0,2.60502E7
300.0,45.206782218,2.992701867546634E-4,300.0,99.0,66.21621621621627,24.99999999999979,50.0,300.0,2.6065744E7
400.0,62.518805268,4.1603932106045165E-4,400.0,99.25,66.32996632996662,25.000000000000554,50.00000000000037,400.0,2.6072496E7
500.0,79.23427456,5.288073409176287E-4,500.0,99.0,54.145267791636165,16.666666666666664,37.5,500.0,2.6077728E7
600.0,96.312429194,6.4405035999498E-4,600.0,98.83333333333333,45.7364341085271,12.49999999999948,29.999999999999932,600.0,2.6084112E7
700.0,113.676406151,7.61287183099809E-4,700.0,97.42857142857143,30.093209054594073,-50.0,18.181818181818375,700.0,2.60986E7
800.0,131.26360065,8.802378538063404E-4,800.0,85.25,5.4335630710049765,-807.6923076923082,3.2786885245901676,800.0,2.614404E7
900.0,148.770876596,9.987271662817835E-4,900.0,78.11111111111111,3.0575421560265723,-603.5714285714291,1.9900497512437936,900.0,2.616152E7
1000.0,166.189092261,0.0011166568328362595,1000.0,74.7,2.295477014335127,-295.31250000000034,1.5564202334630364,1000.0,2.6170992E7
1100.0,183.650702343,0.0012349242088451444,1100.0,70.81818181818181,1.7255775118285261,-234.37500000000006,1.2307692307692013,1100.0,2.6180808E7
1200.0,201.168323493,0.0013536038303617558,1200.0,70.41666666666667,1.5547873028785082,-203.41880341880326,1.1142061281337303,1200.0,2.6188064E7
1300.0,218.618071788,0.0014718453988507368,1300.0,68.07692307692308,1.2895482190036152,-231.99999999999997,0.9546539379474975,1300.0,2.6192888E7
1400.0,236.032070527,0.0015898887651152993,1400.0,66.14285714285715,1.0992941625334243,-226.89655172413802,0.8368200836820183,1400.0,2.6202664E7
1500.0,253.598060729,0.0017089865311425494,1500.0,64.60000000000001,0.9599363358285189,-196.6480446927375,0.7476635514018801,1500.0,2.6207968E7
1600.0,271.399940127,0.001829703967916786,1600.0,63.125,0.8453355293010438,-164.5739910313901,0.673400673400659,1600.0,2.6212384E7
1700.0,289.134880132,0.0019499832239492862,1700.0,61.82352941176471,0.7534569424904439,-170.41666666666652,0.6125574272588264,1700.0,2.6215816E7
1800.0,306.89947656,0.0020705146789074666,1800.0,61.33333333333333,0.697526949904862,-145.07042253521126,0.5714285714285466,1800.0,2.6226928E7
1900.0,324.869420756,0.0021924551347424865,1900.0,60.10526315789474,1.5476743868092235,-150.99337748344374,1.3020833333333375,1900.0,2.6230312E7
2000.0,342.677178999,0.0023133107661622077,2000.0,60.25,1.9119156664560908,-138.0239520958083,1.6089108910891239,2000.0,2.6233728E7
2100.0,360.525484295,0.002434467582649835,2100.0,59.0,2.7514231499051354,-132.07547169811326,2.3809523809523827,2100.0,2.623936E7
2200.0,378.524919843,0.0025566612073855658,2200.0,57.86363636363636,3.305644060081938,-132.91457286432163,2.9319371727748624,2200.0,2.6241704E7
2300.0,396.407304065,0.002678073079514436,2300.0,57.913043478260875,5.146153485657337,-137.83783783783778,4.63054187192119,2300.0,2.6244488E7
2400.0,414.295575432,0.002799549356526191,2400.0,57.91666666666667,5.992293229583595,-134.33874709976797,5.430711610486893,2400.0,2.6249768E7
2500.0,432.184241882,0.002921040681991387,2500.0,58.28,7.364644024442252,-127.23311546840961,6.708407871198574,2500.0,2.625244E7
2600.0,450.226434612,0.003043592346952385,2600.0,57.49999999999999,9.805320136174167,-140.74074074074076,9.277504105090308,2600.0,2.6256224E7
2700.0,468.278342004,0.0031662309952990835,2700.0,56.925925925925924,12.00553730958491,-153.37690631808275,11.760242792109246,2700.0,2.626072E7
2800.0,486.49383657,0.0032899970224677575,2800.0,57.03571428571429,14.99649225520232,-162.09150326797385,12.95224312590449,2800.0,2.626412E7
2900.0,504.79920115,0.0034144038698921053,2900.0,56.72413793103448,16.6481923914079,-173.42047930283232,9.18958031837915,2900.0,2.6270496E7
3000.0,522.971477294,0.003537924011474621,3000.0,56.599999999999994,18.274670755304392,-183.66013071895424,5.788712011577413,3000.0,2.627428E7
3100.0,541.111274901,0.003661238707985936,3100.0,56.96774193548387,20.423739641654752,-190.63180827886708,3.4732272069464583,3100.0,2.6277544E7
3200.0,559.657255631,0.003787321477408285,3200.0,56.99999999999999,21.56102677528031,-197.19222462203035,0.8645533141210191,3200.0,2.6278968E7
3300.0,578.085107245,0.003912612867772607,3300.0,57.757575757575765,23.05517874675718,-194.71458773784354,1.9000703729768018,3300.0,2.6281424E7
3400.0,597.275163251,0.0040430912296555875,3400.0,58.5,25.03083215244991,-195.80712788259967,1.1212333566923471,3400.0,2.6282376E7
3500.0,615.51566822,0.00416711767948992,3500.0,59.11428571428572,25.95186997216376,-194.44444444444431,2.785326086956539,3500.0,2.6283296E7
3600.0,633.617915062,0.004290211797310938,3600.0,59.833333333333336,27.063936748393292,-193.30628803245438,4.554455445544554,3600.0,2.6284952E7
3700.0,651.642903241,0.004412792200218356,3700.0,60.48648648648649,28.050894010270856,-194.16498993963788,6.342088404868688,3700.0,2.6287448E7
3800.0,669.859021151,0.004536678428486266,3800.0,60.94736842105263,29.079423449618485,-186.4864864864866,6.372239747634064,3800.0,2.6288728E7
3900.0,688.093336203,0.004660692640567325,3900.0,61.38461538461538,29.63299751641644,-181.49532710280386,8.00244349419669,3900.0,2.6289624E7
4000.0,707.093645367,0.004789924196650629,4000.0,61.875,30.978329005712286,-185.04672897196252,6.841783750763598,4000.0,2.6291192E7
4100.0,726.018781595,0.004918657738044373,4100.0,62.48780487804878,32.292978625763716,-186.40595903165735,6.61809350333941,4100.0,2.6293904E7
4200.0,744.869651246,0.005046889766786871,4200.0,63.023809523809526,33.30609380214776,-183.91224862888475,6.894484412470028,4200.0,2.6294656E7
4300.0,763.913652974,0.005176443330588621,4300.0,63.51162790697674,34.37598484170553,-186.31386861313865,6.0479041916167615,4300.0,2.6296232E7
4400.0,782.500519255,0.0053028913385657255,4400.0,64.0909090909091,35.27455060874695,-183.1541218637993,7.494145199063223,4400.0,2.629712E7
4500.0,801.076859352,0.005429274502474656,4500.0,64.71111111111111,36.271775816485544,-183.0659536541889,8.788052843193547,4500.0,2.6298528E7
4600.0,820.025180505,0.005558194341704276,4600.0,65.19565217391305,37.205129455693665,-184.8754448398577,8.357183743560388,4600.0,2.6299736E7
4700.0,838.752546119,0.005685614960738618,4700.0,65.85106382978724,38.194112844842195,-184.070796460177,10.28507546115148,4700.0,2.6300584E7
4800.0,857.654640333,0.005814345818648479,4800.0,66.3125,38.949454905847375,-180.24263431542457,10.90909090909091,4800.0,2.6325408E7
4900.0,876.700186126,0.005944062429401017,4900.0,66.79591836734694,39.77737503293538,-179.07375643224702,11.14145275805572,4900.0,2.6327192E7
5000.0,895.928665756,0.006075029832563706,5000.0,67.28,40.60880764122143,-176.81895093062616,11.038607939097327,5000.0,2.6328168E7
5100.0,914.898796209,0.0062042466980217715,5100.0,67.6078431372549,41.16493594427721,-178.58347386171997,10.799136069114462,5100.0,2.6330024E7
5200.0,933.674295932,0.006332143957115549,5200.0,68.11538461538461,41.98965212092764,-177.72194304857635,10.668103448275843,5200.0,2.6331288E7
5300.0,953.16176471,0.0064648957730564114,5300.0,68.62264150943396,42.785786098722696,-175.7877280265341,10.687432867883972,5300.0,2.6332216E7
5400.0,972.520908665,0.006596784477531222,5400.0,68.81481481481482,43.03660450655778,-176.51888341543517,10.615711252653941,5400.0,2.6334424E7
5500.0,991.902179145,0.0067288392066574675,5500.0,69.30909090909091,43.786017758871324,-174.47154471544718,11.064278187565865,5500.0,2.6337472E7
5600.0,1010.531395225,0.0068557807070531475,5600.0,69.85714285714286,44.59864966241561,-173.58184764991884,11.157894736842124,5600.0,2.6339736E7
5700.0,1027.818821079,0.00697358396903927,5700.0,70.3157894736842,45.260787701147194,-169.8564593301436,12.012480499219954,5700.0,2.6340824E7
5800.0,1045.091068727,0.007091287983178981,5800.0,70.77586206896552,45.937830980245955,-165.25821596244114,12.583806085611169,5800.0,2.634176E7
5900.0,1062.109134411,0.007207267166637358,5900.0,71.13559322033899,46.47887834106842,-163.2148377125193,13.421453990849031,5900.0,2.6343424E7
6000.0,1079.294287212,0.007324399534824222,6000.0,71.48333333333333,46.92163035077637,-160.4261796042617,13.890286864620041,6000.0,2.634668E7
6100.0,1096.200106489,0.007439635619726718,6100.0,71.70491803278689,47.179666293647664,-157.22801788375557,14.849531327084383,6100.0,2.6348424E7
6200.0,1113.186359109,0.0075554278416254395,6200.0,71.91935483870968,47.396583619071386,-152.6850507982584,15.69007263922518,6200.0,2.6350216E7
6300.0,1131.231118515,0.007678441016527367,6300.0,72.3015873015873,47.9712404269638,-149.64234620886992,16.785884597043392,6300.0,2.6351352E7
6400.0,1148.372516704,0.007795299493929283,6400.0,72.671875,48.52791189120378,-147.38330975954742,17.461066540821125,6400.0,2.6352168E7
6500.0,1165.482125147,0.007911947482495595,6500.0,73.07692307692307,49.163124472357914,-145.09803921568638,18.793503480278414,6500.0,2.6353576E7
6600.0,1183.19208063,0.008032703587981995,6600.0,73.24242424242425,49.34523778481243,-144.59833795013856,19.360730593607297,6600.0,2.635688E7
6700.0,1200.353716725,0.008149726352465326,6700.0,73.61194029850746,49.914781219649655,-141.86046511627904,20.467836257309944,6700.0,2.6358096E7
6800.0,1217.891862564,0.008269326029659548,6800.0,73.86764705882352,50.292471273247585,-140.46008119079846,20.775746767721788,6800.0,2.63602E7
6900.0,1235.29185942,0.008387988294768306,6900.0,74.23188405797102,50.79033808829114,-139.9460188933874,20.801781737193757,6900.0,2.636124E7
7000.0,1252.551280571,0.008505698880886857,7000.0,74.41428571428571,51.05325493316975,-139.1188251001336,21.41290039491005,7000.0,2.6362808E7
7100.0,1270.143280286,0.008625681756267094,7100.0,74.77464788732394,51.574693581724716,-138.16489361702128,21.858638743455476,7100.0,2.6363704E7
7200.0,1287.234783153,0.008742254059755185,7200.0,75.09722222222223,52.03488372093024,-138.11420982735714,22.212581344902393,7200.0,2.6364376E7
7300.0,1304.876737861,0.008862594183514089,7300.0,75.32876712328768,52.38446715135593,-137.91281373844112,22.935387248609352,7300.0,2.6367328E7
7400.0,1322.374263626,0.00898195049792828,7400.0,75.66216216216216,52.81813190757999,-137.9128137384412,22.935387248609338,7400.0,2.6367632E7
7500.0,1340.218022701,0.009103671647516668,7500.0,75.96000000000001,53.19733257503033,-137.54940711462456,22.915775972637885,7500.0,2.6368296E7
7600.0,1357.71358869,0.009223019843955236,7600.0,76.27631578947368,53.594951945708104,-137.54940711462447,22.91577597263787,7600.0,2.6368792E7
7700.0,1375.49676681,0.009344334807138931,7700.0,76.53246753246754,53.892172787159645,-138.07641633728602,22.744762719110728,7700.0,2.6369832E7
7800.0,1392.706731402,0.00946174100658818,7800.0,76.83333333333333,54.25817077079391,-138.07641633728588,22.74476271911071,7800.0,2.63702E7
7900.0,1409.857887603,0.00957874846503872,7900.0,77.10126582278481,54.568424350772695,-138.33992094861648,22.659256092347167,7900.0,2.6370752E7
8000.0,1427.880613915,0.00970170658997625,8000.0,77.35,54.8453162388466,-138.73517786561257,22.530996152201798,8000.0,2.637176E7
8100.0,1445.690238787,0.009823214391559058,8100.0,77.62962962962962,55.170409073529726,-138.7351778656126,22.530996152201798,8100.0,2.6372528E7
8200.0,1464.26870062,0.00994997030698567,8200.0,77.90243902439025,55.48309310889763,-138.73517786561268,22.530996152201812,8200.0,2.637308E7
8300.0,1484.72331636,0.010089529940003148,8300.0,78.144578313253,55.74468715501316,-138.99868247694326,22.445489525438223,8300.0,2.6373688E7
8400.0,1504.978427874,0.010227781196562893,8400.0,78.36904761904762,55.97640722163675,-139.39393939393958,22.317229585292864,8400.0,2.6383768E7
8500.0,1524.785632785,0.010362979284084653,8500.0,78.5764705882353,56.17934012374024,-139.92094861660073,22.14621633176569,8500.0,2.6384552E7
8600.0,1544.539110136,0.01049781289177235,8600.0,78.82558139534885,56.450283479439,-139.92094861660075,22.146216331765743,8600.0,2.6384992E7
8700.0,1563.633106037,0.01062814764787086,8700.0,79.06896551724138,56.71178184270364,-139.9209486166009,22.146216331765707,8700.0,2.6385528E7
8800.0,1582.956777843,0.010760054560515153,8800.0,79.2840909090909,56.96005288506941,-138.92529488859773,22.260127931769723,8800.0,2.6386408E7
8900.0,1603.859061876,0.010902742689424589,8900.0,79.51685393258427,57.23882016283971,-138.30065359477118,22.45852828583582,8900.0,2.6387392E7
9000.0,1623.693971448,0.011038151842706068,9000.0,79.7,57.40186782045439,-138.82352941176475,22.28838792003405,9000.0,2.6388832E7
9100.0,1643.119028721,0.011170771977425444,9100.0,79.85714285714286,57.52143779095892,-139.60784313725475,22.033177371331362,9100.0,2.6390616E7
9200.0,1663.139199599,0.011307459216092764,9200.0,80.0,57.61701676776775,-140.52287581699326,21.73543173117823,9200.0,2.6391408E7
9300.0,1682.321812009,0.011438438684036484,9300.0,80.0,57.57946016000622,-139.07455012853475,21.91435768261966,9300.0,2.6393552E7
9324.0,1687.949393421,0.011476864134534392,9324.0,80.04075504075504,57.63358778625955,-137.97953964194372,22.03602848764138,9324.0,2.6393656E7
