learning evaluation instances,evaluation time (cpu seconds),model cost (RAM-Hours),classified instances,classifications correct (percent),Kappa Statistic (percent),Kappa Temporal Statistic (percent),Kappa M Statistic (percent),model training instances,model serialized size (bytes)
100.0,0.355589475,4.885103419112663E-9,100.0,82.0,63.99999999999999,81.81818181818181,63.99999999999999,100.0,53104.0
200.0,0.432540446,5.942259150553081E-9,200.0,83.0,65.99999999999999,82.9145728643216,65.99999999999999,200.0,53104.0
300.0,0.475499324,6.532430054230823E-9,300.0,82.33333333333334,64.66666666666667,82.2742474916388,64.66666666666667,300.0,53104.0
400.0,0.514047652,7.0620086333321205E-9,400.0,81.75,63.5,81.70426065162908,63.5,400.0,53104.0
500.0,0.549441311,7.548248234759602E-9,500.0,82.39999999999999,64.8,82.36472945891784,64.8,500.0,53104.0
600.0,0.583212868,8.012203329520094E-9,600.0,82.5,64.99999999999999,82.47078464106843,64.99999999999999,600.0,53104.0
700.0,0.620469604,8.524037962473102E-9,700.0,82.57142857142857,65.14285714285715,82.54649499284693,65.14285714285715,700.0,53104.0
800.0,0.657912085,9.03842436818199E-9,800.0,82.625,65.25000000000001,82.60325406758449,65.25000000000001,800.0,53104.0
900.0,0.689025519,9.465862055458128E-9,900.0,80.77777777777779,61.555555555555564,80.7563959955506,61.555555555555564,900.0,53104.0
1000.0,0.718897616,9.876246201925806E-9,1000.0,78.4,56.800000000000004,78.37837837837837,56.800000000000004,1000.0,53104.0
1100.0,0.749118203,1.0291417918921343E-8,1100.0,76.45454545454545,52.90909090909091,76.43312101910827,52.90909090909091,1100.0,53104.0
1200.0,0.779707781,1.0711658850059739E-8,1200.0,75.08333333333333,50.16666666666667,75.0625521267723,50.16666666666667,1200.0,53104.0
1300.0,0.80488865,1.1057594705580007E-8,1300.0,73.76923076923076,47.53846153846153,73.7490377213241,47.53846153846153,1300.0,53104.0
1400.0,0.829922791,1.140151480555948E-8,1400.0,73.64285714285714,47.285714285714285,73.6240171551108,47.285714285714285,1400.0,53104.0
1500.0,0.853495459,1.172535712694542E-8,1500.0,73.46666666666667,46.93333333333334,73.44896597731821,46.93333333333334,1500.0,53104.0
1600.0,0.875602208,1.2029060590399633E-8,1600.0,73.3125,46.62500000000001,73.29580988117573,46.62500000000001,1600.0,53104.0
1700.0,0.900778167,1.237492899212986E-8,1700.0,73.58823529411764,47.17647058823529,73.57268981753973,47.17647058823529,1700.0,53104.0
1800.0,0.926541282,1.2728863768105703E-8,1800.0,74.0,48.0,73.98554752640356,48.0,1800.0,53104.0
1900.0,0.949854327,1.3049139377611375E-8,1900.0,74.42105263157895,48.84210526315789,74.40758293838861,48.84210526315789,1900.0,53104.0
2000.0,0.972957887,1.3366537073225607E-8,2000.0,75.0,50.0,74.98749374687344,50.0,2000.0,53104.0
2100.0,1.00200983,1.3765653908956379E-8,2100.0,75.57142857142857,51.14285714285713,75.55979037636969,51.14285714285713,2100.0,53104.0
2200.0,1.025250792,1.4084939239124454E-8,2200.0,75.95454545454545,51.90909090909091,75.94361073215097,51.90909090909091,2200.0,53104.0
2300.0,1.048687897,1.440691919021722E-8,2300.0,75.95652173913044,51.91304347826087,75.94606350587212,51.91304347826087,2300.0,53104.0
2400.0,1.072321381,1.4731597004412773E-8,2400.0,75.91666666666667,51.83333333333333,75.90662776156732,51.83333333333333,2400.0,53104.0
2500.0,1.094860334,1.5041238104908E-8,2500.0,76.48,52.96000000000001,76.47058823529413,52.96000000000001,2500.0,53104.0
2600.0,1.116227671,1.5334783494675323E-8,2600.0,76.6923076923077,53.38461538461539,76.68333974605618,53.38461538461539,2600.0,53104.0
2700.0,1.137877338,1.563220754606028E-8,2700.0,76.66666666666667,53.33333333333334,76.65802148944054,53.33333333333334,2700.0,53104.0
2800.0,1.160529095,1.5943398352733087E-8,2800.0,76.57142857142857,53.14285714285714,76.56305823508396,53.14285714285714,2800.0,53104.0
2900.0,1.18263099,1.6247035131727653E-8,2900.0,76.55172413793103,53.103448275862064,76.54363573646084,53.103448275862064,2900.0,53104.0
3000.0,1.203558941,1.6534544217830728E-8,3000.0,76.53333333333333,53.06666666666666,76.52550850283427,53.06666666666666,3000.0,53104.0
3100.0,1.223972818,1.681499093333052E-8,3100.0,76.54838709677419,53.09677419354839,76.54081961923201,53.09677419354839,3100.0,53104.0
3200.0,1.244281855,1.709399735242542E-8,3200.0,76.5,53.0,76.49265395436073,53.0,3200.0,53104.0
3300.0,1.264490994,1.737163136852284E-8,3300.0,76.75757575757575,53.515151515151516,76.7505304637769,53.515151515151516,3300.0,53104.0
3400.0,1.284707979,1.76493731733039E-8,3400.0,77.17647058823529,54.35294117647058,77.16975581053251,54.35294117647058,3400.0,53104.0
3500.0,1.310577052,1.800476360481646E-8,3500.0,77.62857142857142,55.25714285714285,77.62217776507573,55.25714285714285,3500.0,53104.0
3600.0,1.341770288,1.8433297615382402E-8,3600.0,78.0,56.00000000000001,77.99388719088635,56.00000000000001,3600.0,53104.0
3700.0,1.375262263,1.889341180066681E-8,3700.0,77.16216216216216,54.130661228561785,76.53429602888086,53.46916299559471,3700.0,53104.0
3800.0,1.400630463,1.924192121747881E-8,3800.0,76.47368421052632,53.035625019354214,75.17356289919466,52.547770700636946,3800.0,53104.0
3900.0,1.419778293,1.9504974925133087E-8,3900.0,76.0,52.15874113428238,74.02885682574917,51.22459614382491,3900.0,53104.0
4000.0,1.439335934,1.977365863383644E-8,4000.0,76.25,52.740421291783356,73.65501941209095,51.257054899948685,4000.0,53104.0
4100.0,1.460685924,2.0066965709775684E-8,4100.0,76.14634146341463,52.29746169390288,72.87853577371048,52.26939970717424,4100.0,53104.0
4200.0,1.479199689,2.0321308605335652E-8,4200.0,75.64285714285714,51.44939916851757,71.63848073191018,50.41202132816287,4200.0,53104.0
4300.0,1.497835517,2.0577328407611284E-8,4300.0,75.25581395348837,50.72346636590088,70.50997782705099,49.357448833888625,4300.0,53104.0
4400.0,1.516581986,2.0834868200677966E-8,4400.0,74.95454545454545,50.122779760102155,69.46522582432806,48.624708624708624,4400.0,53104.0
4500.0,1.534496237,2.108097494725966E-8,4500.0,75.06666666666668,50.49336028596777,68.91105569409808,47.6923076923077,4500.0,53104.0
4600.0,1.552657917,2.133048088402798E-8,4600.0,75.26086956521739,50.912960055032094,68.52005532503458,47.46075715604802,4600.0,53104.0
4700.0,1.582619861,2.1742099352425173E-8,4700.0,74.48936170212765,49.35248327687356,66.84181415929203,45.67285908473039,4700.0,53104.0
4800.0,1.605649149,2.2058476696126164E-8,4800.0,74.125,48.54500861726103,65.66215095382914,45.310435931307794,4800.0,53104.0
4900.0,1.628760107,2.237597602578087E-8,4900.0,74.65306122448979,49.616890337715354,65.66215095382914,45.31043593130779,4900.0,53104.0
5000.0,1.649939139,2.26669344734028E-8,5000.0,75.16000000000001,50.60470656809456,65.66215095382914,45.31043593130781,5000.0,53104.0
5100.0,1.667575178,2.2909219131627018E-8,5100.0,75.6470588235294,51.517973757157264,65.66215095382914,45.310435931307794,5100.0,53104.0
5200.0,1.684056224,2.3135636446608437E-8,5200.0,75.73076923076924,51.64454525947952,65.10920652474427,44.42976662263322,5200.0,53104.0
5300.0,1.701223666,2.3371483499200806E-8,5300.0,75.9811320754717,52.032454894056066,64.81481481481482,44.21560035056968,5300.0,53104.0
5400.0,1.718989414,2.3615550105215772E-8,5400.0,74.57407407407408,49.09945399069013,62.05085682697623,42.359361880772454,5400.0,53104.0
5500.0,1.737949892,2.3876029963079423E-8,5500.0,73.21818181818182,46.299856985214376,59.286898839137635,40.65269943593876,5500.0,53104.0
5600.0,1.75640423,2.4129556447971194E-8,5600.0,71.91071428571428,43.631082817155786,56.522940851299055,39.07823392718822,5600.0,53104.0
5700.0,1.77389721,2.4369875755533572E-8,5700.0,71.54385964912281,42.823775968447265,55.18098922354241,38.350437096161166,5700.0,53104.0
5800.0,1.79080505,2.4602156384744574E-8,5800.0,72.03448275862068,43.67046587846673,55.18098922354241,38.35043709616116,5800.0,53104.0
5900.0,1.807269944,2.4828351802859036E-8,5900.0,72.50847457627118,44.46497471449642,55.18098922354241,38.35043709616116,5900.0,53104.0
6000.0,1.82380787,2.5055550537713695E-8,6000.0,72.96666666666667,45.211982114740934,55.18098922354242,38.35043709616116,6000.0,53104.0
6100.0,1.840655102,2.5286998531627983E-8,6100.0,73.40983606557377,45.91562439461053,55.18098922354242,38.350437096161166,6100.0,53104.0
6200.0,1.859331122,2.5543570493318965E-8,6200.0,72.69354838709677,44.41812128314785,53.232044198895025,37.34270910436713,6200.0,53104.0
6300.0,1.877834935,2.5797776667877202E-8,6300.0,71.53968253968253,42.124045827340396,50.46961325966851,36.009992862241255,6300.0,53104.0
6400.0,1.895003577,2.6033640206120906E-8,6400.0,71.625,42.17098627864546,49.84810825738747,35.7850070721358,6400.0,53104.0
6500.0,1.912428338,2.627302231814298E-8,6500.0,72.06153846153846,42.835751578627246,49.84810825738747,35.78500707213579,6500.0,53104.0
6600.0,1.929502383,2.6507586278753972E-8,6600.0,71.75757575757575,42.132794849976776,48.53672004417447,35.18776077885952,6600.0,53104.0
6700.0,1.946941411,2.6747164391432368E-8,6700.0,72.17910447761194,42.75370589629311,48.55092464808171,35.18776077885954,6700.0,53104.0
6800.0,1.962988032,2.6967613557179764E-8,6800.0,72.52941176470588,43.23278019139363,48.44051890698318,35.048678720445075,6800.0,53104.0
6900.0,1.981609984,2.7223442730373803E-8,6900.0,72.40579710144928,42.87044197655331,47.46136865342162,34.36745949672526,6900.0,53104.0
7000.0,2.003086342,2.7518485855302875E-8,7000.0,72.2,42.45587769994174,46.33204633204633,34.21230561189993,7000.0,53104.0
7100.0,2.021441744,2.777065315319432E-8,7100.0,71.94366197183099,41.85088925396769,45.13908014321124,33.555703802535014,7100.0,53104.0
7200.0,2.03917546,2.8014279702223008E-8,7200.0,71.70833333333333,41.27920245030328,43.93063583815028,33.08147174770039,7200.0,53104.0
7300.0,2.056773106,2.8256036915770836E-8,7300.0,71.47945205479452,40.71458456482174,42.70776004402862,32.57772020725388,7300.0,53104.0
7400.0,2.075788134,2.851726618386805E-8,7400.0,70.52702702702702,38.89170419880334,39.9834892680242,31.587202007528226,7400.0,53104.0
7500.0,2.095109887,2.878270925313648E-8,7500.0,69.58666666666666,37.11597831621456,37.231700605393506,30.6265206812652,7500.0,53104.0
7600.0,2.112353303,2.90196000397909E-8,7600.0,69.71052631578948,37.18920320056755,36.671251719394775,30.411124546553815,7600.0,53104.0
7700.0,2.129110076,2.924980530409349E-8,7700.0,69.37662337662339,36.339097336743905,35.13067400275104,28.71825876662638,7700.0,53104.0
7800.0,2.145236726,2.9471353911666405E-8,7800.0,69.14102564102565,35.75883925879279,33.81908166070938,27.86934372190591,7800.0,53104.0
7900.0,2.161276367,2.9691707185875208E-8,7900.0,69.29113924050633,35.835907264683385,33.315008246289175,27.321749550629125,7900.0,53104.0
8000.0,2.177988681,2.992130167053391E-8,8000.0,69.15,35.85993139637516,32.16052776250687,28.214077952297846,8000.0,53104.0
8100.0,2.19514408,3.0156983275877103E-8,8100.0,69.27160493827161,36.45260218759716,31.58328752061571,29.649519502543807,8100.0,53104.0
8200.0,2.212259254,3.039211226844953E-8,8200.0,69.23170731707316,36.42408380567277,30.667765869744418,29.838709677419335,8200.0,53104.0
8300.0,2.22987124,3.06340664855308E-8,8300.0,68.39759036144578,34.65070700989725,27.919758175322883,27.057842046718573,8300.0,53104.0
8400.0,2.246980063,3.086910822779354E-8,8400.0,67.58333333333333,32.93844381725594,25.171750480901327,24.276974416017786,8400.0,53104.0
8500.0,2.262783257,3.108621318300151E-8,8500.0,66.78823529411765,31.28607227059762,22.423742786479796,21.49610678531701,8500.0,53104.0
8600.0,2.278799867,3.130625005634708E-8,8600.0,66.54651162790698,30.67332352796463,20.939818631492173,19.9944382647386,8600.0,53104.0
8700.0,2.295429655,3.153471079528746E-8,8700.0,66.26436781609195,29.99363391560249,19.34597416872766,18.38153503893214,8700.0,53104.0
8800.0,2.311901614,3.176100327267415E-8,8800.0,65.54545454545455,28.532746887008305,16.68040670513877,15.684093437152388,8800.0,53104.0
8900.0,2.327908057,3.19809004713388E-8,8900.0,64.80898876404494,27.063729253177982,13.932399010717214,12.903225806451598,8900.0,53104.0
9000.0,2.343466821,3.219464743675043E-8,9000.0,64.32222222222222,26.05943860131753,11.761472932124214,10.706340378198004,9000.0,53104.0
9100.0,2.359808573,3.241915112480107E-8,9100.0,64.71428571428571,26.77308273941711,11.785714285714288,11.32283899475282,9100.0,53104.0
9200.0,2.376743358,3.265180192557474E-8,9200.0,65.09782608695652,27.925784432777494,11.785714285714299,13.705993012631005,9200.0,53104.0
9300.0,2.394069982,3.288983582729267E-8,9300.0,65.4731182795699,29.019101471002674,11.78571428571429,15.964407223240007,9300.0,53104.0
9400.0,2.41108525,3.312359230696327E-8,9400.0,65.82978723404256,30.033202759295758,11.758241758241772,18.082121907676623,9400.0,53104.0
9500.0,2.428278457,3.335979332022783E-8,9500.0,66.18947368421053,31.02129356436853,11.75824175824178,20.119373290226335,9500.0,53104.0
9600.0,2.444937052,3.3588649810966524E-8,9600.0,66.20833333333334,31.134890912275182,11.703864997278174,20.665199315236,9600.0,53104.0
9700.0,2.461284528,3.381323213557403E-8,9700.0,66.08247422680412,30.862767153130967,11.725248188891868,20.512201014737858,9700.0,53104.0
9800.0,2.477518282,3.4036252142480685E-8,9800.0,65.9591836734694,30.60046409007913,11.769373181697974,20.40085898353615,9800.0,53104.0
9900.0,2.495357039,3.428132174926086E-8,9900.0,65.85858585858585,30.389386734283264,11.86440677966102,20.339382512373334,9900.0,53104.0
10000.0,2.512316857,3.45143164544594E-8,10000.0,65.74,30.142243523649693,11.928020565552698,20.251396648044686,10000.0,53104.0
10100.0,2.528667986,3.473894896413718E-8,10100.0,65.61386138613862,29.870635350575466,11.964512040557679,20.124195032198728,10100.0,53104.0
10200.0,2.544861732,3.496141933942835E-8,10200.0,65.74509803921569,30.190108294771733,12.56256256256256,20.554797635288768,10200.0,53104.0
10300.0,2.5615483,3.519066012443768E-8,10300.0,65.88349514563106,30.527715802536726,13.170249567580928,20.962663067926222,10300.0,53104.0
10400.0,2.578342384,3.542137796885438E-8,10400.0,66.00961538461539,30.84335813697379,13.738408979990242,21.374555160142343,10400.0,53104.0
10500.0,2.59508933,3.5651448229410585E-8,10500.0,66.1047619047619,31.095654598195793,14.220294046758239,21.676936619718305,10500.0,53104.0
10600.0,2.612116148,3.588536338347528E-8,10600.0,66.22641509433961,31.400875186578652,14.761904761904757,22.072268175881575,10600.0,53104.0
10700.0,2.628703013,3.611323444440547E-8,10700.0,66.34579439252336,31.68246316256965,15.290519877675829,22.425678586816016,10700.0,53104.0
10800.0,2.645130081,3.63389102073138E-8,10800.0,66.2962962962963,31.672106201069216,15.447154471544724,22.47071352502663,10800.0,53104.0
10900.0,2.661231689,3.6560114786819454E-8,10900.0,66.1651376146789,31.50794162479482,15.354601790222636,22.308826627343596,10900.0,53104.0
11000.0,2.677557228,3.6784395739982525E-8,11000.0,66.10909090909091,31.500497242781435,15.484017229653139,22.446432286249223,11000.0,53104.0
11100.0,2.694728274,3.702029230448107E-8,11100.0,66.07207207207207,31.527407317135502,15.673981191222577,22.653522283836516,11100.0,53104.0
11200.0,2.711168988,3.724615553672115E-8,11200.0,66.0625,31.605784088583217,15.757978723404248,22.963113092825292,11200.0,53104.0
11300.0,2.727964975,3.747689952463326E-8,11300.0,65.97345132743364,31.496467113794967,15.51307404965942,23.268808621033738,11300.0,53104.0
11400.0,2.745411863,3.7716585618327894E-8,11400.0,65.67543859649123,30.937702271985838,15.156114483954902,22.911741528762803,11400.0,53104.0
11500.0,2.762919333,3.795710399013013E-8,11500.0,65.38260869565218,30.386918059480777,14.826700898587951,22.57876312718788,11500.0,53104.0
11600.0,2.779252205,3.8181485684360894E-8,11600.0,65.08620689655173,29.82663684074679,14.484797297297291,22.2200883426157,11600.0,53104.0
11700.0,2.796170369,3.841390814512554E-8,11700.0,64.82905982905983,29.34645333591927,14.163537755527742,21.990521327014214,11700.0,53104.0
11800.0,2.812523265,3.863856492992491E-8,11800.0,65.11864406779661,30.010966804578864,14.17848206839032,23.394751535455033,11800.0,53104.0
11900.0,2.828367679,3.885623616725621E-8,11900.0,65.2016806722689,30.19882284816803,14.49514763576294,23.555473509322486,11900.0,53104.0
12000.0,2.844316317,3.9075339238358046E-8,12000.0,65.31666666666666,30.447622689883886,14.904927417705984,23.80080556572685,12000.0,53104.0
12100.0,2.860189965,3.929341209363193E-8,12100.0,65.4297520661157,30.69221869415349,15.289590927501012,24.042128200472114,12100.0,53104.0
12200.0,2.877512541,3.953139038375269E-8,12200.0,65.54918032786885,30.94812783221673,15.687061183550652,24.29755043227666,12200.0,53104.0
12300.0,2.894842158,3.976946540343265E-8,12300.0,65.65853658536585,31.184502017449915,16.057233704292525,24.53099874933001,12300.0,53104.0
12400.0,2.911633568,4.0000146512322956E-8,12400.0,65.75,31.386659471986274,16.33175728920408,24.725274725274712,12400.0,53104.0
12500.0,2.927278557,4.0215078040473165E-8,12500.0,65.824,31.561146386170925,16.660163870464313,24.94729444834857,12500.0,53104.0
12600.0,2.942902278,4.042971738792956E-8,12600.0,65.89682539682539,31.732335457152345,16.982225656877905,25.16544757924069,12600.0,53104.0
12700.0,2.958598278,4.064534970737994E-8,12700.0,66.03149606299212,32.020887138850334,17.482785003825544,25.543665861235752,12700.0,53104.0
12800.0,2.974190915,4.0859562021514606E-8,12800.0,66.171875,32.31326618215974,17.96134899583176,25.85616438356166,12800.0,53104.0
12900.0,2.99054907,4.108429105468094E-8,12900.0,66.31007751937985,32.602140155003255,18.492123030757675,26.251484812489384,12900.0,53104.0
13000.0,3.006926489,4.130928473750336E-8,13000.0,66.43076923076923,32.85890208091247,18.960074280408524,26.606121762529423,13000.0,53104.0
13100.0,3.02864788,4.160769413626856E-8,13100.0,66.55725190839694,33.12648423383668,19.437293122471495,26.98333333333332,13100.0,53104.0
13200.0,3.043866772,4.181677192560501E-8,13200.0,66.28030303030303,32.605551164799415,18.52462017206663,26.0385510136258,13200.0,53104.0
13300.0,3.059372461,4.202978974439618E-8,13300.0,65.87218045112782,31.838967136574286,17.065594737803757,24.713882899319948,13300.0,53104.0
13400.0,3.075653727,4.2253462473191326E-8,13400.0,65.74626865671642,31.632016224596484,17.431192660550465,24.456879526003963,13400.0,53104.0
13500.0,3.092023688,4.2478353697690704E-8,13500.0,65.64444444444445,31.47288672607063,17.85334750265677,24.31462140992169,13500.0,53104.0
13600.0,3.108041811,4.2698411356695E-8,13600.0,65.56617647058823,31.358217657158903,17.071011156366197,24.26006792819019,13600.0,53104.0
13700.0,3.123056368,4.290468198306031E-8,13700.0,65.08759124087591,30.468293687930938,15.300159376660172,22.642730066310847,13700.0,53104.0
13800.0,3.138421291,4.311576595252173E-8,13800.0,64.97826086956522,30.294874896485453,14.445034519383965,22.461094176159154,13800.0,53104.0
13900.0,3.15410942,4.33312901398374E-8,13900.0,65.15827338129496,30.67324102878823,14.283185840707965,23.406610786019293,13900.0,53104.0
13910.0,3.15697953,4.337071983379623E-8,13910.0,65.18332135154566,30.724166655989,14.28318584070798,23.52755408179378,13910.0,53104.0
