learning evaluation instances,evaluation time (cpu seconds),model cost (RAM-Hours),classified instances,classifications correct (percent),Kappa Statistic (percent),Kappa Temporal Statistic (percent),Kappa M Statistic (percent),model training instances,model serialized size (bytes)
100.0,0.419226362,5.800996092317833E-9,100.0,87.0,74.0,86.86868686868688,74.0,100.0,53488.0
200.0,0.52187752,7.221419568525421E-9,200.0,86.0,72.0,85.92964824120602,72.0,200.0,53488.0
300.0,0.570114721,7.888896234759855E-9,300.0,84.66666666666667,69.33333333333334,84.61538461538461,69.33333333333334,300.0,53488.0
400.0,0.624128457,8.636305033129952E-9,400.0,83.75,67.5,83.7092731829574,67.5,400.0,53488.0
500.0,0.670658748,9.280162530491752E-9,500.0,84.0,68.0,83.96793587174348,68.0,500.0,53488.0
600.0,0.7087997,9.807933523837065E-9,600.0,83.83333333333334,67.66666666666667,83.80634390651085,67.66666666666667,600.0,53488.0
700.0,0.745723566,1.0318863231018188E-8,700.0,83.71428571428572,67.42857142857144,83.69098712446352,67.42857142857144,700.0,53488.0
800.0,0.779352678,1.078420216239989E-8,800.0,83.75,67.5,83.729662077597,67.5,800.0,53488.0
900.0,0.810120735,1.1209951577521863E-8,900.0,81.77777777777779,63.555555555555564,81.7575083426029,63.555555555555564,900.0,53488.0
1000.0,0.840549646,1.1631008099259605E-8,1000.0,78.60000000000001,57.2,78.57857857857859,57.2,1000.0,53488.0
1100.0,0.874179708,1.2096360176155968E-8,1100.0,76.54545454545455,53.0909090909091,76.52411282984531,53.0909090909091,1100.0,53488.0
1200.0,0.914893495,1.2659732474986882E-8,1200.0,74.66666666666667,49.33333333333334,74.64553794829024,49.33333333333334,1200.0,53488.0
1300.0,0.954435047,1.3206884108156798E-8,1300.0,72.76923076923076,45.538461538461526,72.74826789838336,45.538461538461526,1300.0,53488.0
1400.0,0.998429907,1.3815657873538637E-8,1400.0,72.35714285714285,44.71428571428571,72.337383845604,44.71428571428571,1400.0,53488.0
1500.0,1.033199784,1.4296782008111481E-8,1500.0,72.33333333333334,44.66666666666668,72.3148765843896,44.66666666666668,1500.0,53488.0
1600.0,1.061599519,1.4689760042631796E-8,1600.0,72.3125,44.625,72.29518449030644,44.625,1600.0,53488.0
1700.0,1.087285991,1.5045193615526794E-8,1700.0,72.82352941176471,45.64705882352942,72.80753384343733,45.64705882352942,1700.0,53488.0
1800.0,1.111770693,1.5383997835628694E-8,1800.0,73.27777777777777,46.55555555555555,73.26292384658143,46.55555555555555,1800.0,53488.0
1900.0,1.13806824,1.5747887087861702E-8,1900.0,73.57894736842105,47.15789473684211,73.56503422854134,47.15789473684211,1900.0,53488.0
2000.0,1.16319355,1.6095555646758946E-8,2000.0,74.2,48.4,74.18709354677338,48.4,2000.0,53488.0
2100.0,1.187097601,1.642632517608918E-8,2100.0,74.80952380952381,49.61904761904763,74.79752262982373,49.61904761904763,2100.0,53488.0
2200.0,1.210449579,1.67494554594035E-8,2200.0,75.36363636363636,50.727272727272734,75.35243292405639,50.727272727272734,2200.0,53488.0
2300.0,1.232952748,1.7060840446766884E-8,2300.0,75.69565217391305,51.391304347826086,75.68508046976946,51.391304347826086,2300.0,53488.0
2400.0,1.255077447,1.73669883994634E-8,2400.0,75.66666666666667,51.33333333333334,75.6565235514798,51.33333333333334,2400.0,53488.0
2500.0,1.275982477,1.765625932403323E-8,2500.0,75.92,51.839999999999996,75.91036414565826,51.839999999999996,2500.0,53488.0
2600.0,1.296781048,1.794405713455545E-8,2600.0,76.26923076923077,52.53846153846153,76.26010003847632,52.53846153846153,2600.0,53488.0
2700.0,1.316754692,1.822044011352791E-8,2700.0,76.33333333333333,52.666666666666664,76.3245646535754,52.666666666666664,2700.0,53488.0
2800.0,1.336062452,1.8487608999990756E-8,2800.0,76.25,52.49999999999999,76.24151482672382,52.49999999999999,2800.0,53488.0
2900.0,1.355441943,1.8755770455834766E-8,2900.0,76.27586206896552,52.55172413793103,76.26767850983097,52.55172413793103,2900.0,53488.0
3000.0,1.37459755,1.902083394283222E-8,3000.0,76.26666666666667,52.533333333333346,76.25875291763921,52.533333333333346,3000.0,53488.0
3100.0,1.393695916,1.928510536414054E-8,3100.0,76.29032258064517,52.58064516129033,76.28267182962246,52.58064516129033,3100.0,53488.0
3200.0,1.413134303,1.9554081786543962E-8,3200.0,76.25,52.49999999999999,76.24257580493904,52.49999999999999,3200.0,53488.0
3300.0,1.432048839,1.9815809481578573E-8,3300.0,76.36363636363637,52.727272727272734,76.3564716580782,52.727272727272734,3300.0,53488.0
3400.0,1.450976909,2.007772445176625E-8,3400.0,76.73529411764706,53.470588235294116,76.72844954398353,53.470588235294116,3400.0,53488.0
3500.0,1.471226448,2.0357925095756855E-8,3500.0,77.2,54.400000000000006,77.1934838525293,54.400000000000006,3500.0,53488.0
3600.0,1.49097025,2.063112766274976E-8,3600.0,77.58333333333334,55.16666666666667,77.57710475131981,55.16666666666667,3600.0,53488.0
3700.0,1.509790097,2.089154510974471E-8,3700.0,76.83783783783784,53.49410906804009,76.2010552624271,52.808370044052865,3700.0,53488.0
3800.0,1.52774088,2.1139936984578775E-8,3800.0,76.10526315789473,52.2938337042461,74.7847820049986,51.80467091295115,3800.0,53488.0
3900.0,1.545686065,2.1388251397738032E-8,3900.0,75.6923076923077,51.53436495624695,73.69589345172031,50.59927045336112,3900.0,53488.0
4000.0,1.563496277,2.163469813768649E-8,4000.0,75.64999999999999,51.53665861183375,72.98946200776483,50.025654181631594,4000.0,53488.0
4100.0,1.582628292,2.189943517312408E-8,4100.0,75.60975609756098,51.22423598713938,72.26844148641153,51.19570522205954,4100.0,53488.0
4200.0,1.600241118,2.214315060722332E-8,4200.0,75.19047619047619,50.54164157811084,71.11172719711672,49.49103247697526,4200.0,53488.0
4300.0,1.617948147,2.2388169564393666E-8,4300.0,74.79069767441861,49.78787066617142,69.95565410199556,48.405521180390295,4300.0,53488.0
4400.0,1.635723021,2.2634127318871525E-8,4400.0,74.43181818181817,49.07556198975255,68.82793017456358,47.552447552447546,4400.0,53488.0
4500.0,1.65259759,2.286762720747955E-8,4500.0,74.42222222222222,49.208597480660146,68.1075090052646,46.34032634032634,4500.0,53488.0
4600.0,1.669557832,2.3102312586274418E-8,4600.0,74.56521739130434,49.52510268012139,67.63485477178423,45.983379501385045,4600.0,53488.0
4700.0,1.686739753,2.334006542248445E-8,4700.0,73.38297872340426,47.174803898914014,65.40376106194692,43.3167195287721,4700.0,53488.0
4800.0,1.704685016,2.3588380914959647E-8,4800.0,73.04166666666667,46.40727160275668,64.22449543820846,43.020695728753864,4800.0,53488.0
4900.0,1.721196348,2.381685455376904E-8,4900.0,73.48979591836735,47.33411375255548,64.08625933093724,42.80052840158521,4900.0,53488.0
5000.0,1.737764712,2.4046117366254337E-8,5000.0,74.02,48.373351206195636,64.08625933093724,42.800528401585204,5000.0,53488.0
5100.0,1.754317315,2.4275162087732727E-8,5100.0,74.52941176470588,49.33392027845426,64.08625933093724,42.8005284015852,5100.0,53488.0
5200.0,1.77100614,2.450609176531435E-8,5200.0,74.63461538461539,49.50687710032192,63.533314901852364,41.91985909291062,5200.0,53488.0
5300.0,1.788582663,2.474930486086757E-8,5300.0,73.37735849056604,47.108526855455764,61.00055279159756,38.16827344434705,5300.0,53488.0
5400.0,1.807078466,2.5005238386649233E-8,5400.0,72.01851851851852,44.22620888328556,58.236594803758976,36.56591099916036,5400.0,53488.0
5500.0,1.825141034,2.5255177073437317E-8,5500.0,70.7090909090909,41.47603638373491,55.472636815920396,35.09266720386785,5500.0,53488.0
5600.0,1.843957891,2.5515553146654545E-8,5600.0,69.875,39.753335083236465,53.37202874516307,34.663051897753675,5600.0,53488.0
5700.0,1.86127323,2.5755152138943486E-8,5700.0,69.54385964912281,39.00914640911356,52.03094777562862,34.017483846446225,5700.0,53488.0
5800.0,1.877330133,2.5977337669245913E-8,5800.0,70.06896551724138,39.950399201501575,52.03094777562862,34.01748384644622,5800.0,53488.0
5900.0,1.89330515,2.6198390111534145E-8,5900.0,70.57627118644068,40.832558868207215,52.03094777562862,34.01748384644622,5900.0,53488.0
6000.0,1.908947564,2.6414840198440696E-8,6000.0,71.06666666666666,41.661020959017534,52.03094777562863,34.01748384644622,6000.0,53488.0
6100.0,1.924929682,2.663599089999167E-8,6100.0,71.54098360655738,42.440543564424885,52.03094777562861,34.017483846446204,6100.0,53488.0
6200.0,1.942048632,2.687287238230309E-8,6200.0,70.85483870967741,40.98313746734776,50.08287292817679,33.123612139156165,6200.0,53488.0
6300.0,1.960995316,2.713504492155381E-8,6300.0,69.74603174603175,38.74878329531934,47.348066298342545,31.977159172019988,6300.0,53488.0
6400.0,1.978833627,2.7381880478151156E-8,6400.0,69.890625,38.913681100568134,46.782656724661685,31.859971711456854,6400.0,53488.0
6500.0,1.996900161,2.7631874044003598E-8,6500.0,70.07692307692308,39.1250728524934,46.28555647611158,31.223479490806227,6500.0,53488.0
6600.0,2.013828444,2.7866117193847908E-8,6600.0,69.48484848484848,37.994259557025885,44.39536167863058,29.972183588317108,6600.0,53488.0
6700.0,2.03140262,2.8109297813061224E-8,6700.0,69.94029850746269,38.70513936906329,44.41070935688656,29.9721835883171,6700.0,53488.0
6800.0,2.048802049,2.835006039095837E-8,6800.0,70.32352941176471,39.27054374424731,44.300303615788025,29.83310152990265,6800.0,53488.0
6900.0,2.070699571,2.8653064808303298E-8,6900.0,70.2463768115942,39.012997059336115,43.34988962472405,29.231299551878653,6900.0,53488.0
7000.0,2.099300473,2.9048826467821182E-8,7000.0,69.94285714285714,38.33058274668248,41.9746276889134,28.870858688302903,7000.0,53488.0
7100.0,2.130447537,2.9479820348285153E-8,7100.0,69.80281690140845,37.92009986028923,40.9529055356651,28.48565710473648,7100.0,53488.0
7200.0,2.160726273,2.989879884090276E-8,7200.0,69.58333333333333,37.366907657896526,39.719240297274965,28.05519053876478,7200.0,53488.0
7300.0,2.190439851,3.030995702533674E-8,7300.0,69.3972602739726,36.87809253106069,38.52504127682994,27.65544041450777,7300.0,53488.0
7400.0,2.212071069,3.0609276492012066E-8,7400.0,68.45945945945945,35.04973180318108,35.77325261419922,26.78795483061481,7400.0,53488.0
7500.0,2.230805283,3.0868509002315526E-8,7500.0,67.54666666666667,33.29810489155268,33.02146395156853,25.97323600973236,7500.0,53488.0
7600.0,2.248239291,3.110975006310892E-8,7600.0,67.71052631578948,33.45008281629498,32.48968363136176,25.81620314389359,7600.0,53488.0
7700.0,2.264990101,3.1341537450928675E-8,7700.0,68.12987012987013,34.04256938187083,32.48968363136176,25.816203143893603,7700.0,53488.0
7800.0,2.281918539,3.157578274556748E-8,7800.0,68.15384615384616,33.94004443274603,31.701952158372283,25.561881929877135,7800.0,53488.0
7900.0,2.298410405,3.1803987025862785E-8,7900.0,68.41772151898734,34.23964002003921,31.41836173721825,25.254643499101263,7900.0,53488.0
8000.0,2.316326847,3.205190371109796E-8,8000.0,67.575,32.654088982667176,28.69708631115997,24.549156486329245,8000.0,53488.0
8100.0,2.333602864,3.229095858977903E-8,8100.0,67.0,31.6888271843087,26.525563496426606,24.448841153193907,8100.0,53488.0
8200.0,2.35104495,3.2532311428959196E-8,8200.0,66.97560975609757,31.701122962523165,25.58395163506458,24.694104560622915,8200.0,53488.0
8300.0,2.369694295,3.279036957433243E-8,8300.0,66.16867469879519,29.974208140146768,22.835943940643034,21.91323692992214,8300.0,53488.0
8400.0,2.38969983,3.306719384131335E-8,8400.0,65.38095238095238,28.308785008942923,20.08793624622149,19.132369299221363,8400.0,53488.0
8500.0,2.411739779,3.337216907572832E-8,8500.0,64.61176470588235,26.7035392661536,17.33992855179995,16.35150166852058,8500.0,53488.0
8600.0,2.432378283,3.365775197772933E-8,8600.0,64.3953488372093,26.131010551406362,15.856004396812299,14.849833147942146,8600.0,53488.0
8700.0,2.453143945,3.394509441378633E-8,8700.0,64.06896551724138,25.366978209765772,14.097279472382526,13.070077864293667,8700.0,53488.0
8800.0,2.46907095,3.4165482495601006E-8,8800.0,63.375,23.955449171307865,11.431712008793642,10.372636262513923,8800.0,53488.0
8900.0,2.484476547,3.4378655654775625E-8,8900.0,62.662921348314605,22.536296598655422,8.68370431437207,7.5917686318131175,8900.0,53488.0
9000.0,2.499847231,3.459134570936778E-8,9000.0,62.144444444444446,21.48078587738864,6.375377851057985,5.255839822024477,9000.0,53488.0
9100.0,2.516355916,3.4819782720622114E-8,9100.0,62.45054945054945,22.04624232939658,6.126373626373638,5.633802816901405,9100.0,53488.0
9200.0,2.533366097,3.505515912452922E-8,9200.0,62.858695652173914,23.275604793656573,6.126373626373637,8.1698468153722,9200.0,53488.0
9300.0,2.550706136,3.5295099900199334E-8,9300.0,63.25806451612903,24.441566489880746,6.126373626373615,10.573148390473701,9300.0,53488.0
9400.0,2.567958591,3.553382874244206E-8,9400.0,63.62765957446809,25.499957857194588,6.071428571428578,12.802856414180058,9400.0,53488.0
9500.0,2.584797261,3.576683188280714E-8,9500.0,64.01052631578948,26.55414730225415,6.071428571428579,14.971400149216624,9500.0,53488.0
9600.0,2.601119927,3.5992694877754507E-8,9600.0,64.0625,26.73882479519165,6.096897114861183,15.627292736610412,9600.0,53488.0
9700.0,2.621708851,3.627759172226408E-8,9700.0,63.96907216494845,26.534483707629715,6.224845720418556,15.559313843923645,9700.0,53488.0
9800.0,2.638179316,3.6505499868707546E-8,9800.0,63.88775510204082,26.35748852668095,6.400423168473967,15.55714626580769,9800.0,53488.0
9900.0,2.654470036,3.673092081459034E-8,9900.0,63.8080808080808,26.189118096495466,6.571056062581471,15.555031817110528,9900.0,53488.0
10000.0,2.671285313,3.696360025703495E-8,10000.0,63.71,25.983880027395557,6.709511568123397,15.526070763500927,10000.0,53488.0
10100.0,2.688704677,3.7204638683179206E-8,10100.0,63.603960396039604,25.752780091195817,6.818757921419524,15.455381784728623,10100.0,53488.0
10200.0,2.70496471,3.7429635001263705E-8,10200.0,63.725490196078425,26.06612008358798,7.407407407407388,15.870850386539322,10200.0,53488.0
10300.0,2.721337263,3.765618830177935E-8,10300.0,63.844660194174764,26.372011643899395,7.981220657277017,16.239316239316253,10300.0,53488.0
10400.0,2.737519747,3.788011154458343E-8,10400.0,63.99038461538461,26.735042778774208,8.613958028306483,16.703736654804253,10400.0,53488.0
10500.0,2.753641019,3.810318777344709E-8,10500.0,64.04761904761904,26.925165839084357,9.014220294046742,16.923415492957737,10500.0,53488.0
10600.0,2.770831445,3.8341058296606795E-8,10600.0,64.11320754716982,27.134640916415297,9.428571428571443,17.196343056160217,10600.0,53488.0
10700.0,2.787705432,3.8574550131857416E-8,10700.0,64.23364485981308,27.434855483208597,9.974123735591633,17.55708746230074,10700.0,53488.0
10800.0,2.803855339,3.879802259420771E-8,10800.0,64.19444444444444,27.455381957568665,10.174216027874566,17.63578274760383,10800.0,53488.0
10900.0,2.820449431,3.902764141490478E-8,10900.0,64.08256880733944,27.335644734195586,10.144594904750958,17.526859068885603,10900.0,53488.0
11000.0,2.836937089,3.925578746748883E-8,11000.0,64.04545454545455,27.37150039311711,10.337791883926563,17.72415227792804,11000.0,53488.0
11100.0,2.853196581,3.9480776299548665E-8,11100.0,64.02702702702703,27.44055247092042,10.59113300492611,17.99137399876771,11100.0,53488.0
11200.0,2.869296551,3.970355776446149E-8,11200.0,64.03571428571428,27.559901222134425,10.726950354609913,18.362383461694357,11200.0,53488.0
11300.0,2.885725182,3.993088703778885E-8,11300.0,63.964601769911496,27.488645241503008,10.5251593056471,18.738774695669523,11300.0,53488.0
11400.0,2.901855906,4.015409405760469E-8,11400.0,63.68421052631579,26.966498519599973,10.23417172593234,18.439716312056724,11400.0,53488.0
11500.0,2.918154895,4.037962942481457E-8,11500.0,63.4,26.432627068719956,9.94865211810014,18.144690781796974,11500.0,53488.0
11600.0,2.934219828,4.0601926069309336E-8,11600.0,63.12068965517241,25.90758460947489,9.6706081081081,17.84136739005184,11600.0,53488.0
11700.0,2.950370385,4.082540752595914E-8,11700.0,62.88034188034188,25.461886606061494,9.407592824363787,17.66824644549763,11700.0,53488.0
11800.0,2.966453774,4.1047959553210295E-8,11800.0,63.186440677966104,26.16088822664093,9.424520433694761,19.151312116136236,11800.0,53488.0
11900.0,2.982510648,4.127014468222859E-8,11900.0,63.218487394957975,26.256344755081734,9.622135040264283,19.198818534244026,11900.0,53488.0
12000.0,2.99839917,4.149000026000045E-8,12000.0,63.275000000000006,26.398491294329386,9.895726845225926,19.31526913218603,12000.0,53488.0
12100.0,3.014983098,4.171947843752804E-8,12100.0,63.37190082644628,26.615576143373428,10.247063588497378,19.52061013255856,12100.0,53488.0
12200.0,3.03276039,4.1965469650800056E-8,12200.0,63.49180327868853,26.875035342046296,10.651955867602828,19.776657060518747,12200.0,53488.0
12300.0,3.048939171,4.218934165377173E-8,12300.0,63.60162601626016,27.114963293231355,11.029411764705866,20.010720028586743,12300.0,53488.0
12400.0,3.064810477,4.240895900714318E-8,12400.0,63.7016129032258,27.33583943819699,11.327817178880986,20.22332506203472,12400.0,53488.0
12500.0,3.080688321,4.262866682933026E-8,12500.0,63.792,27.5437064175234,11.705033164260643,20.48489107519326,12500.0,53488.0
12600.0,3.09655458,4.28482143454254E-8,12600.0,63.88095238095238,27.74770916190588,12.074961360123657,20.741901776384545,12600.0,53488.0
12700.0,3.113518593,4.308295190499478E-8,12700.0,64.03937007874015,28.082699644287658,12.643458301453697,21.17707973765964,12700.0,53488.0
12800.0,3.130061846,4.3311867246934144E-8,12800.0,64.1953125,28.406258164721066,13.167866616142485,21.523972602739736,12800.0,53488.0
12900.0,3.146430561,4.353836743957056E-8,12900.0,64.37209302325581,28.774646751637402,13.803450862715685,22.009163414220264,12900.0,53488.0
13000.0,3.162397901,4.375931365226295E-8,13000.0,64.53846153846153,29.122380375360198,14.391829155060329,22.46888664648502,13000.0,53488.0
13100.0,3.178337906,4.3979881620067715E-8,13100.0,64.70992366412214,29.479406635510024,14.987127620448703,22.95,13100.0,53488.0
13200.0,3.193743641,4.4193056688801305E-8,13200.0,64.45454545454545,29.006622055012894,14.113124656781975,22.033898305084744,13200.0,53488.0
13300.0,3.209349646,4.440900297039915E-8,13300.0,64.06015037593986,28.273153666086447,12.66215969303856,20.716536739094387,13300.0,53488.0
13400.0,3.225830719,4.463705790381053E-8,13400.0,63.94776119402985,28.09510692086567,13.095880554056482,20.49045424621462,13400.0,53488.0
13500.0,3.24239762,4.4866300472203255E-8,13500.0,63.85925925925926,27.963974605049458,13.58483882394617,20.38185378590079,13500.0,53488.0
13600.0,3.258433357,4.5088193120439044E-8,13600.0,63.794117647058826,27.876479812513992,12.803258367274648,20.362283681060966,13600.0,53488.0
13700.0,3.273618351,4.5298313711223526E-8,13700.0,63.32846715328467,27.019484430269163,11.032406587568634,18.744945819181634,13700.0,53488.0
13800.0,3.289421204,4.551698385415808E-8,13800.0,63.23188405797101,26.872947840689765,10.178792706673738,18.594577250120317,13800.0,53488.0
13900.0,3.305751155,4.574294765444681E-8,13900.0,63.42446043165467,27.27306408256181,10.017699115044245,19.59512889451209,13900.0,53488.0
13910.0,3.308713449,4.5783938053610444E-8,13910.0,63.450754852624016,27.326019462093814,10.017699115044262,19.722090636349282,13910.0,53488.0
