learning evaluation instances,evaluation time (cpu seconds),model cost (RAM-Hours),classified instances,classifications correct (percent),Kappa Statistic (percent),Kappa Temporal Statistic (percent),Kappa M Statistic (percent),model training instances,model serialized size (bytes)
100.0,0.368760981,5.102687244129678E-9,100.0,87.0,74.0,86.86868686868688,74.0,100.0,53488.0
200.0,0.447534427,6.192705653860337E-9,200.0,86.0,72.0,85.92964824120602,72.0,200.0,53488.0
300.0,0.499335624,6.909498700797558E-9,300.0,84.66666666666667,69.33333333333334,84.61538461538461,69.33333333333334,300.0,53488.0
400.0,0.544665213,7.536741623692215E-9,400.0,83.75,67.5,83.7092731829574,67.5,400.0,53488.0
500.0,0.584935055,8.093970885148479E-9,500.0,84.0,68.0,83.96793587174348,68.0,500.0,53488.0
600.0,0.625352062,8.653236525199479E-9,600.0,83.83333333333334,67.66666666666667,83.80634390651085,67.66666666666667,600.0,53488.0
700.0,0.662870703,9.172396362361808E-9,700.0,83.71428571428572,67.42857142857144,83.69098712446352,67.42857142857144,700.0,53488.0
800.0,0.698677973,9.667875302082134E-9,800.0,83.75,67.5,83.729662077597,67.5,800.0,53488.0
900.0,0.743536754,1.0288603473959697E-8,900.0,81.77777777777779,63.555555555555564,81.7575083426029,63.555555555555564,900.0,53488.0
1000.0,0.788348013,1.0908674065681794E-8,1000.0,78.60000000000001,57.2,78.57857857857859,57.2,1000.0,53488.0
1100.0,0.832293022,1.1516758023641175E-8,1100.0,76.54545454545455,53.0909090909091,76.52411282984531,53.0909090909091,1100.0,53488.0
1200.0,0.875141389,1.2109667325297162E-8,1200.0,74.66666666666667,49.33333333333334,74.64553794829024,49.33333333333334,1200.0,53488.0
1300.0,0.917062341,1.268974362960706E-8,1300.0,72.76923076923076,45.538461538461526,72.74826789838336,45.538461538461526,1300.0,53488.0
1400.0,0.957906681,1.3254922440412142E-8,1400.0,72.35714285714285,44.71428571428571,72.337383845604,44.71428571428571,1400.0,53488.0
1500.0,1.004562738,1.3900520210191605E-8,1500.0,72.33333333333334,44.66666666666668,72.3148765843896,44.66666666666668,1500.0,53488.0
1600.0,1.043913644,1.444503380147947E-8,1600.0,72.3125,44.625,72.29518449030644,44.625,1600.0,53488.0
1700.0,1.07499521,1.4875121360975832E-8,1700.0,72.82352941176471,45.64705882352942,72.80753384343733,45.64705882352942,1700.0,53488.0
1800.0,1.098268425,1.5197161770425734E-8,1800.0,73.27777777777777,46.55555555555555,73.26292384658143,46.55555555555555,1800.0,53488.0
1900.0,1.120514957,1.550499557310922E-8,1900.0,73.57894736842105,47.15789473684211,73.56503422854134,47.15789473684211,1900.0,53488.0
2000.0,1.142333223,1.5806903294759488E-8,2000.0,74.2,48.4,74.18709354677338,48.4,2000.0,53488.0
2100.0,1.164148586,1.6108770846484432E-8,2100.0,74.80952380952381,49.61904761904763,74.79752262982373,49.61904761904763,2100.0,53488.0
2200.0,1.185529746,1.6404630164628223E-8,2200.0,75.36363636363636,50.727272727272734,75.35243292405639,50.727272727272734,2200.0,53488.0
2300.0,1.206581426,1.6695930341540106E-8,2300.0,75.69565217391305,51.391304347826086,75.68508046976946,51.391304347826086,2300.0,53488.0
2400.0,1.227913614,1.6991112015321846E-8,2400.0,75.66666666666667,51.33333333333334,75.6565235514798,51.33333333333334,2400.0,53488.0
2500.0,1.24987405,1.7294986997834504E-8,2500.0,75.92,51.839999999999996,75.91036414565826,51.839999999999996,2500.0,53488.0
2600.0,1.274912816,1.7641458014183566E-8,2600.0,76.26923076923077,52.53846153846153,76.26010003847632,52.53846153846153,2600.0,53488.0
2700.0,1.306769673,1.8082273572844756E-8,2700.0,76.33333333333333,52.666666666666664,76.3245646535754,52.666666666666664,2700.0,53488.0
2800.0,1.339817102,1.8539563533274658E-8,2800.0,76.25,52.49999999999999,76.24151482672382,52.49999999999999,2800.0,53488.0
2900.0,1.371445535,1.8977218301366595E-8,2900.0,76.27586206896552,52.55172413793103,76.26767850983097,52.55172413793103,2900.0,53488.0
3000.0,1.390184692,1.923651920985844E-8,3000.0,76.26666666666667,52.533333333333346,76.25875291763921,52.533333333333346,3000.0,53488.0
3100.0,1.409179793,1.949936171372317E-8,3100.0,76.29032258064517,52.58064516129033,76.28267182962246,52.58064516129033,3100.0,53488.0
3200.0,1.428094545,1.9761092397632692E-8,3200.0,76.25,52.49999999999999,76.24257580493904,52.49999999999999,3200.0,53488.0
3300.0,1.447139633,2.0024626590804087E-8,3300.0,76.36363636363637,52.727272727272734,76.3564716580782,52.727272727272734,3300.0,53488.0
3400.0,1.46613484,2.0287470561431506E-8,3400.0,76.73529411764706,53.470588235294116,76.72844954398353,53.470588235294116,3400.0,53488.0
3500.0,1.484880896,2.0546866934034552E-8,3500.0,77.2,54.400000000000006,77.1934838525293,54.400000000000006,3500.0,53488.0
3600.0,1.503000015,2.0797588138716908E-8,3600.0,77.58333333333334,55.16666666666667,77.57710475131981,55.16666666666667,3600.0,53488.0
3700.0,1.521019142,2.1046925715713028E-8,3700.0,76.83783783783784,53.49410906804009,76.2010552624271,52.808370044052865,3700.0,53488.0
3800.0,1.538700285,2.1291586478364954E-8,3800.0,76.10526315789473,52.2938337042461,74.7847820049986,51.80467091295115,3800.0,53488.0
3900.0,1.556604306,2.1539331289455283E-8,3900.0,75.6923076923077,51.53436495624695,73.69589345172031,50.59927045336112,3900.0,53488.0
4000.0,1.575588078,2.1802017029598343E-8,4000.0,75.64999999999999,51.53665861183375,72.98946200776483,50.025654181631594,4000.0,53488.0
4100.0,1.59487549,2.2068904352974547E-8,4100.0,75.60975609756098,51.22423598713938,72.26844148641153,51.19570522205954,4100.0,53488.0
4200.0,1.61262549,2.2314517916366445E-8,4200.0,75.19047619047619,50.54164157811084,71.11172719711672,49.49103247697526,4200.0,53488.0
4300.0,1.632001516,2.2582631425675404E-8,4300.0,74.79069767441861,49.78787066617142,69.95565410199556,48.405521180390295,4300.0,53488.0
4400.0,1.649158577,2.282004026452285E-8,4400.0,74.43181818181817,49.07556198975255,68.82793017456358,47.552447552447546,4400.0,53488.0
4500.0,1.666054799,2.3053839774003445E-8,4500.0,74.42222222222222,49.208597480660146,68.1075090052646,46.34032634032634,4500.0,53488.0
4600.0,1.682887598,2.3286761675087928E-8,4600.0,74.56521739130434,49.52510268012139,67.63485477178423,45.983379501385045,4600.0,53488.0
4700.0,1.701248217,2.35408246079708E-8,4700.0,73.38297872340426,47.174803898914014,65.40376106194692,43.3167195287721,4700.0,53488.0
4800.0,1.721652328,2.382316412405834E-8,4800.0,73.04166666666667,46.40727160275668,64.22449543820846,43.020695728753864,4800.0,53488.0
4900.0,1.73755131,2.4043164440865305E-8,4900.0,73.48979591836735,47.33411375255548,64.08625933093724,42.80052840158521,4900.0,53488.0
5000.0,1.753227055,2.4260075741613064E-8,5000.0,74.02,48.373351206195636,64.08625933093724,42.800528401585204,5000.0,53488.0
5100.0,1.769024386,2.4478669474513982E-8,5100.0,74.52941176470588,49.33392027845426,64.08625933093724,42.8005284015852,5100.0,53488.0
5200.0,1.78540686,2.4705360055714834E-8,5200.0,74.63461538461539,49.50687710032192,63.533314901852364,41.91985909291062,5200.0,53488.0
5300.0,1.802486673,2.4941699984334397E-8,5300.0,73.37735849056604,47.108526855455764,61.00055279159756,38.16827344434705,5300.0,53488.0
5400.0,1.823235403,2.5228808125807996E-8,5400.0,72.01851851851852,44.22620888328556,58.236594803758976,36.56591099916036,5400.0,53488.0
5500.0,1.84347961,2.5508934988867895E-8,5500.0,70.7090909090909,41.47603638373491,55.472636815920396,35.09266720386785,5500.0,53488.0
5600.0,1.860876737,2.574966571310741E-8,5600.0,69.875,39.753335083236465,53.37202874516307,34.663051897753675,5600.0,53488.0
5700.0,1.878228956,2.5989775028112852E-8,5700.0,69.54385964912281,39.00914640911356,52.03094777562862,34.017483846446225,5700.0,53488.0
5800.0,1.897182676,2.625204492719636E-8,5800.0,70.06896551724138,39.950399201501575,52.03094777562862,34.01748384644622,5800.0,53488.0
5900.0,1.913607329,2.647931915541075E-8,5900.0,70.57627118644068,40.832558868207215,52.03094777562862,34.01748384644622,5900.0,53488.0
6000.0,1.930328481,2.671069615410019E-8,6000.0,71.06666666666666,41.661020959017534,52.03094777562863,34.01748384644622,6000.0,53488.0
6100.0,1.946798968,2.69386046049661E-8,6100.0,71.54098360655738,42.440543564424885,52.03094777562861,34.017483846446204,6100.0,53488.0
6200.0,1.963550959,2.7170408334736186E-8,6200.0,70.85483870967741,40.98313746734776,50.08287292817679,33.123612139156165,6200.0,53488.0
6300.0,1.980668552,2.7407271039717718E-8,6300.0,69.74603174603175,38.74878329531934,47.348066298342545,31.977159172019988,6300.0,53488.0
6400.0,1.997325641,2.763776157408538E-8,6400.0,69.890625,38.913681100568134,46.782656724661685,31.859971711456854,6400.0,53488.0
6500.0,2.024133093,2.8008706577531987E-8,6500.0,70.07692307692308,39.1250728524934,46.28555647611158,31.223479490806227,6500.0,53488.0
6600.0,2.040367604,2.8233349737905786E-8,6600.0,69.48484848484848,37.994259557025885,44.39536167863058,29.972183588317108,6600.0,53488.0
6700.0,2.061841339,2.8530490051859776E-8,6700.0,69.94029850746269,38.70513936906329,44.41070935688656,29.9721835883171,6700.0,53488.0
6800.0,2.090482916,2.8926814546965883E-8,6800.0,70.32352941176471,39.27054374424731,44.300303615788025,29.83310152990265,6800.0,53488.0
6900.0,2.113011624,2.9238552927275493E-8,6900.0,70.2463768115942,39.012997059336115,43.34988962472405,29.231299551878653,6900.0,53488.0
7000.0,2.142798721,2.965072842233296E-8,7000.0,69.94285714285714,38.33058274668248,41.9746276889134,28.870858688302903,7000.0,53488.0
7100.0,2.175834947,3.0107863362551555E-8,7100.0,69.80281690140845,37.92009986028923,40.9529055356651,28.48565710473648,7100.0,53488.0
7200.0,2.204038098,3.04981211888045E-8,7200.0,69.58333333333333,37.366907657896526,39.719240297274965,28.05519053876478,7200.0,53488.0
7300.0,2.224053386,3.077508041179014E-8,7300.0,69.3972602739726,36.87809253106069,38.52504127682994,27.65544041450777,7300.0,53488.0
7400.0,2.243070619,3.1038229164634307E-8,7400.0,68.45945945945945,35.04973180318108,35.77325261419922,26.78795483061481,7400.0,53488.0
7500.0,2.261568736,3.1294194710122206E-8,7500.0,67.54666666666667,33.29810489155268,33.02146395156853,25.97323600973236,7500.0,53488.0
7600.0,2.279131389,3.1537215881161386E-8,7600.0,67.71052631578948,33.45008281629498,32.48968363136176,25.81620314389359,7600.0,53488.0
7700.0,2.296507503,3.1777655840454E-8,7700.0,68.12987012987013,34.04256938187083,32.48968363136176,25.816203143893603,7700.0,53488.0
7800.0,2.314329393,3.202426417337109E-8,7800.0,68.15384615384616,33.94004443274603,31.701952158372283,25.561881929877135,7800.0,53488.0
7900.0,2.332149296,3.227084501140647E-8,7900.0,68.41772151898734,34.23964002003921,31.41836173721825,25.254643499101263,7900.0,53488.0
8000.0,2.350552376,3.252549549344512E-8,8000.0,67.575,32.654088982667176,28.69708631115997,24.549156486329245,8000.0,53488.0
8100.0,2.371094568,3.2809745689332474E-8,8100.0,67.0,31.6888271843087,26.525563496426606,24.448841153193907,8100.0,53488.0
8200.0,2.390750321,3.30817298885145E-8,8200.0,66.97560975609757,31.701122962523165,25.58395163506458,24.694104560622915,8200.0,53488.0
8300.0,2.412362516,3.338078612663678E-8,8300.0,66.16867469879519,29.974208140146768,22.835943940643034,21.91323692992214,8300.0,53488.0
8400.0,2.433390774,3.367176220434406E-8,8400.0,65.38095238095238,28.308785008942923,20.08793624622149,19.132369299221363,8400.0,53488.0
8500.0,2.450194963,3.3904288217876504E-8,8500.0,64.61176470588235,26.7035392661536,17.33992855179995,16.35150166852058,8500.0,53488.0
8600.0,2.466671248,3.413227689789399E-8,8600.0,64.3953488372093,26.131010551406362,15.856004396812299,14.849833147942146,8600.0,53488.0
8700.0,2.482545785,3.435193895985267E-8,8700.0,64.06896551724138,25.366978209765772,14.097279472382526,13.070077864293667,8700.0,53488.0
8800.0,2.497751683,3.456234880730922E-8,8800.0,63.375,23.955449171307865,11.431712008793642,10.372636262513923,8800.0,53488.0
8900.0,2.513062986,3.4774217184210804E-8,8900.0,62.662921348314605,22.536296598655422,8.68370431437207,7.5917686318131175,8900.0,53488.0
9000.0,2.528681139,3.4990331562347696E-8,9000.0,62.144444444444446,21.48078587738864,6.375377851057985,5.255839822024477,9000.0,53488.0
9100.0,2.545898494,3.522857471241718E-8,9100.0,62.45054945054945,22.04624232939658,6.126373626373638,5.633802816901405,9100.0,53488.0
9200.0,2.563896509,3.5477620154565394E-8,9200.0,62.858695652173914,23.275604793656573,6.126373626373637,8.1698468153722,9200.0,53488.0
9300.0,2.582356397,3.5733056710705977E-8,9300.0,63.25806451612903,24.441566489880746,6.126373626373615,10.573148390473701,9300.0,53488.0
9400.0,2.599236821,3.596663761719646E-8,9400.0,63.62765957446809,25.499957857194588,6.071428571428578,12.802856414180058,9400.0,53488.0
9500.0,2.615839836,3.619637990886965E-8,9500.0,64.01052631578948,26.55414730225415,6.071428571428579,14.971400149216624,9500.0,53488.0
9600.0,2.634609269,3.645609975799503E-8,9600.0,64.0625,26.73882479519165,6.096897114861183,15.627292736610412,9600.0,53488.0
9700.0,2.651056079,3.668368058112345E-8,9700.0,63.96907216494845,26.534483707629715,6.224845720418556,15.559313843923645,9700.0,53488.0
9800.0,2.667081389,3.6905428946957804E-8,9800.0,63.88775510204082,26.35748852668095,6.400423168473967,15.55714626580769,9800.0,53488.0
9900.0,2.683065821,3.712661166821501E-8,9900.0,63.8080808080808,26.189118096495466,6.571056062581471,15.555031817110528,9900.0,53488.0
10000.0,2.700629077,3.7369641183196654E-8,10000.0,63.71,25.983880027395557,6.709511568123397,15.526070763500927,10000.0,53488.0
10100.0,2.718618903,3.7618573311008496E-8,10100.0,63.603960396039604,25.752780091195817,6.818757921419524,15.455381784728623,10100.0,53488.0
10200.0,2.7363975,3.786458258206644E-8,10200.0,63.725490196078425,26.06612008358798,7.407407407407388,15.870850386539322,10200.0,53488.0
10300.0,2.754521925,3.811537720790752E-8,10300.0,63.844660194174764,26.372011643899395,7.981220657277017,16.239316239316253,10300.0,53488.0
10400.0,2.772162531,3.835947704453019E-8,10400.0,63.99038461538461,26.735042778774208,8.613958028306483,16.703736654804253,10400.0,53488.0
10500.0,2.788595531,3.8586866773387605E-8,10500.0,64.04761904761904,26.925165839084357,9.014220294046742,16.923415492957737,10500.0,53488.0
10600.0,2.804870341,3.88120675664933E-8,10600.0,64.11320754716982,27.134640916415297,9.428571428571443,17.196343056160217,10600.0,53488.0
10700.0,2.820823171,3.903281299874599E-8,10700.0,64.23364485981308,27.434855483208597,9.974123735591633,17.55708746230074,10700.0,53488.0
10800.0,2.836953745,3.9256017942954253E-8,10800.0,64.19444444444444,27.455381957568665,10.174216027874566,17.63578274760383,10800.0,53488.0
10900.0,2.852974577,3.947770434498372E-8,10900.0,64.08256880733944,27.335644734195586,10.144594904750958,17.526859068885603,10900.0,53488.0
11000.0,2.868980148,3.9699179574698194E-8,11000.0,64.04545454545455,27.37150039311711,10.337791883926563,17.72415227792804,11000.0,53488.0
11100.0,2.889711878,3.998605248064629E-8,11100.0,64.02702702702703,27.44055247092042,10.59113300492611,17.99137399876771,11100.0,53488.0
11200.0,2.910988372,4.028046349517172E-8,11200.0,64.03571428571428,27.559901222134425,10.726950354609913,18.362383461694357,11200.0,53488.0
11300.0,2.931722034,4.056736313494542E-8,11300.0,63.964601769911496,27.488645241503008,10.5251593056471,18.738774695669523,11300.0,53488.0
11400.0,2.950172818,4.08226737155434E-8,11400.0,63.68421052631579,26.966498519599973,10.23417172593234,18.439716312056724,11400.0,53488.0
11500.0,2.967337588,4.106018922678297E-8,11500.0,63.4,26.432627068719956,9.94865211810014,18.144690781796974,11500.0,53488.0
11600.0,2.985050851,4.130529444620426E-8,11600.0,63.12068965517241,25.90758460947489,9.6706081081081,17.84136739005184,11600.0,53488.0
11700.0,3.003325682,4.1558170297601143E-8,11700.0,62.88034188034188,25.461886606061494,9.407592824363787,17.66824644549763,11700.0,53488.0
11800.0,3.021893092,4.1815094676928374E-8,11800.0,63.186440677966104,26.16088822664093,9.424520433694761,19.151312116136236,11800.0,53488.0
11900.0,3.039838061,4.206340610121272E-8,11900.0,63.218487394957975,26.256344755081734,9.622135040264283,19.198818534244026,11900.0,53488.0
12000.0,3.057324909,4.2305378329368916E-8,12000.0,63.275000000000006,26.398491294329386,9.895726845225926,19.31526913218603,12000.0,53488.0
12100.0,3.081207493,4.263585081157998E-8,12100.0,63.37190082644628,26.615576143373428,10.247063588497378,19.52061013255856,12100.0,53488.0
12200.0,3.107125403,4.299448688091916E-8,12200.0,63.49180327868853,26.875035342046296,10.651955867602828,19.776657060518747,12200.0,53488.0
12300.0,3.125854043,4.325364226164502E-8,12300.0,63.60162601626016,27.114963293231355,11.029411764705866,20.010720028586743,12300.0,53488.0
12400.0,3.148208845,4.3562974237878274E-8,12400.0,63.7016129032258,27.33583943819699,11.327817178880986,20.22332506203472,12400.0,53488.0
12500.0,3.164480763,4.3788135013269864E-8,12500.0,63.792,27.5437064175234,11.705033164260643,20.48489107519326,12500.0,53488.0
12600.0,3.180850219,4.401464545940772E-8,12600.0,63.88095238095238,27.74770916190588,12.074961360123657,20.741901776384545,12600.0,53488.0
12700.0,3.196837989,4.423587436985223E-8,12700.0,64.03937007874015,28.082699644287658,12.643458301453697,21.17707973765964,12700.0,53488.0
12800.0,3.213957614,4.4472765192397755E-8,12800.0,64.1953125,28.406258164721066,13.167866616142485,21.523972602739736,12800.0,53488.0
12900.0,3.230344798,4.469952094767656E-8,12900.0,64.37209302325581,28.774646751637402,13.803450862715685,22.009163414220264,12900.0,53488.0
13000.0,3.24626637,4.4919833850984764E-8,13000.0,64.53846153846153,29.122380375360198,14.391829155060329,22.46888664648502,13000.0,53488.0
13100.0,3.262222614,4.514062652406592E-8,13100.0,64.70992366412214,29.479406635510024,14.987127620448703,22.95,13100.0,53488.0
13200.0,3.278548639,4.536653599878565E-8,13200.0,64.45454545454545,29.006622055012894,14.113124656781975,22.033898305084744,13200.0,53488.0
13300.0,3.296519961,4.5615212079646677E-8,13300.0,64.06015037593986,28.273153666086447,12.66215969303856,20.716536739094387,13300.0,53488.0
13400.0,3.31479064,4.58680304782258E-8,13400.0,63.94776119402985,28.09510692086567,13.095880554056482,20.49045424621462,13400.0,53488.0
13500.0,3.333995044,4.613376918804313E-8,13500.0,63.85925925925926,27.963974605049458,13.58483882394617,20.38185378590079,13500.0,53488.0
13600.0,3.356000713,4.643827007693962E-8,13600.0,63.794117647058826,27.876479812513992,12.803258367274648,20.362283681060966,13600.0,53488.0
13700.0,3.374332573,4.669193506050026E-8,13700.0,63.32846715328467,27.019484430269163,11.032406587568634,18.744945819181634,13700.0,53488.0
13800.0,3.391075008,4.692360656023025E-8,13800.0,63.23188405797101,26.872947840689765,10.178792706673738,18.594577250120317,13800.0,53488.0
13900.0,3.407425193,4.7149850346143866E-8,13900.0,63.42446043165467,27.27306408256181,10.017699115044245,19.59512889451209,13900.0,53488.0
13910.0,3.411544437,4.72068499065563E-8,13910.0,63.450754852624016,27.326019462093814,10.017699115044262,19.722090636349282,13910.0,53488.0
