learning evaluation instances,evaluation time (cpu seconds),model cost (RAM-Hours),classified instances,classifications correct (percent),Kappa Statistic (percent),Kappa Temporal Statistic (percent),Kappa M Statistic (percent),model training instances,model serialized size (bytes)
100.0,0.355789052,4.9231896832419765E-9,100.0,87.0,74.0,86.86868686868688,74.0,100.0,53488.0
200.0,0.427528287,5.915873015262186E-9,200.0,86.0,72.0,85.92964824120602,72.0,200.0,53488.0
300.0,0.47472798,6.5689932850499945E-9,300.0,84.66666666666667,69.33333333333334,84.61538461538461,69.33333333333334,300.0,53488.0
400.0,0.515982051,7.139841700978577E-9,400.0,83.75,67.5,83.7092731829574,67.5,400.0,53488.0
500.0,0.551116211,7.626006559253566E-9,500.0,84.0,68.0,83.96793587174348,68.0,500.0,53488.0
600.0,0.586458365,8.115049510345691E-9,600.0,83.83333333333334,67.66666666666667,83.80634390651085,67.66666666666667,600.0,53488.0
700.0,0.620314104,8.583524366517863E-9,700.0,83.71428571428572,67.42857142857144,83.69098712446352,67.42857142857144,700.0,53488.0
800.0,0.65447689,9.056247949889966E-9,800.0,83.75,67.5,83.729662077597,67.5,800.0,53488.0
900.0,0.687485156,9.512995996856028E-9,900.0,81.77777777777779,63.555555555555564,81.7575083426029,63.555555555555564,900.0,53488.0
1000.0,0.71878313,9.946078076917266E-9,1000.0,78.60000000000001,57.2,78.57857857857859,57.2,1000.0,53488.0
1100.0,0.748817292,1.0361672305216393E-8,1100.0,76.54545454545455,53.0909090909091,76.52411282984531,53.0909090909091,1100.0,53488.0
1200.0,0.775525679,1.0731246508231595E-8,1200.0,74.66666666666667,49.33333333333334,74.64553794829024,49.33333333333334,1200.0,53488.0
1300.0,0.80178191,1.109456405511333E-8,1300.0,72.76923076923076,45.538461538461526,72.74826789838336,45.538461538461526,1300.0,53488.0
1400.0,0.826877241,1.1441817783080043E-8,1400.0,72.35714285714285,44.71428571428571,72.337383845604,44.71428571428571,1400.0,53488.0
1500.0,0.851171421,1.1777985677135489E-8,1500.0,72.33333333333334,44.66666666666668,72.3148765843896,44.66666666666668,1500.0,53488.0
1600.0,0.874443831,1.210001494749139E-8,1600.0,72.3125,44.625,72.29518449030644,44.625,1600.0,53488.0
1700.0,0.901058463,1.2468291826583447E-8,1700.0,72.82352941176471,45.64705882352942,72.80753384343733,45.64705882352942,1700.0,53488.0
1800.0,0.923834634,1.2783454447413487E-8,1800.0,73.27777777777777,46.55555555555555,73.26292384658143,46.55555555555555,1800.0,53488.0
1900.0,0.946377218,1.309538483526144E-8,1900.0,73.57894736842105,47.15789473684211,73.56503422854134,47.15789473684211,1900.0,53488.0
2000.0,0.968813171,1.3405839729031758E-8,2000.0,74.2,48.4,74.18709354677338,48.4,2000.0,53488.0
2100.0,1.006848826,1.3932153687369496E-8,2100.0,74.80952380952381,49.61904761904763,74.79752262982373,49.61904761904763,2100.0,53488.0
2200.0,1.038282924,1.4367119367470347E-8,2200.0,75.36363636363636,50.727272727272734,75.35243292405639,50.727272727272734,2200.0,53488.0
2300.0,1.062757019,1.4705776814441718E-8,2300.0,75.69565217391305,51.391304347826086,75.68508046976946,51.391304347826086,2300.0,53488.0
2400.0,1.086757706,1.5037883533197977E-8,2400.0,75.66666666666667,51.33333333333334,75.6565235514798,51.33333333333334,2400.0,53488.0
2500.0,1.108619101,1.5340388047376444E-8,2500.0,75.92,51.839999999999996,75.91036414565826,51.839999999999996,2500.0,53488.0
2600.0,1.13072146,1.564622687291768E-8,2600.0,76.26923076923077,52.53846153846153,76.26010003847632,52.53846153846153,2600.0,53488.0
2700.0,1.1522407,1.5943996857023905E-8,2700.0,76.33333333333333,52.666666666666664,76.3245646535754,52.666666666666664,2700.0,53488.0
2800.0,1.172342597,1.6222154521987674E-8,2800.0,76.25,52.49999999999999,76.24151482672382,52.49999999999999,2800.0,53488.0
2900.0,1.192991561,1.6507882163023786E-8,2900.0,76.27586206896552,52.55172413793103,76.26767850983097,52.55172413793103,2900.0,53488.0
3000.0,1.212212787,1.6773853645312294E-8,3000.0,76.26666666666667,52.533333333333346,76.25875291763921,52.533333333333346,3000.0,53488.0
3100.0,1.23133149,1.703840647749603E-8,3100.0,76.29032258064517,52.58064516129033,76.28267182962246,52.58064516129033,3100.0,53488.0
3200.0,1.250714768,1.7306620335512694E-8,3200.0,76.25,52.49999999999999,76.24257580493904,52.49999999999999,3200.0,53488.0
3300.0,1.269767693,1.7570262972261344E-8,3300.0,76.36363636363637,52.727272727272734,76.3564716580782,52.727272727272734,3300.0,53488.0
3400.0,1.29034322,1.785497443733944E-8,3400.0,76.73529411764706,53.470588235294116,76.72844954398353,53.470588235294116,3400.0,53488.0
3500.0,1.312008544,1.8154765841828453E-8,3500.0,77.2,54.400000000000006,77.1934838525293,54.400000000000006,3500.0,53488.0
3600.0,1.331084893,1.841873260545648E-8,3600.0,77.58333333333334,55.16666666666667,77.57710475131981,55.16666666666667,3600.0,53488.0
3700.0,1.351071231,1.869529123617957E-8,3700.0,76.83783783783784,53.49410906804009,76.2010552624271,52.808370044052865,3700.0,53488.0
3800.0,1.367570533,1.8923598411261206E-8,3800.0,76.10526315789473,52.2938337042461,74.7847820049986,51.80467091295115,3800.0,53488.0
3900.0,1.384057367,1.915173306184096E-8,3900.0,75.6923076923077,51.53436495624695,73.69589345172031,50.59927045336112,3900.0,53488.0
4000.0,1.400945413,1.9385419436871175E-8,4000.0,75.64999999999999,51.53665861183375,72.98946200776483,50.025654181631594,4000.0,53488.0
4100.0,1.418239777,1.96247281900338E-8,4100.0,75.60975609756098,51.22423598713938,72.26844148641153,51.19570522205954,4100.0,53488.0
4200.0,1.437306495,1.9888561685817937E-8,4200.0,75.19047619047619,50.54164157811084,71.11172719711672,49.49103247697526,4200.0,53488.0
4300.0,1.457464654,2.0167497869672048E-8,4300.0,74.79069767441861,49.78787066617142,69.95565410199556,48.405521180390295,4300.0,53488.0
4400.0,1.474860743,2.0408214230707123E-8,4400.0,74.43181818181817,49.07556198975255,68.82793017456358,47.552447552447546,4400.0,53488.0
4500.0,1.49136619,2.0636606436512538E-8,4500.0,74.42222222222222,49.208597480660146,68.1075090052646,46.34032634032634,4500.0,53488.0
4600.0,1.507452602,2.0859200294175084E-8,4600.0,74.56521739130434,49.52510268012139,67.63485477178423,45.983379501385045,4600.0,53488.0
4700.0,1.525292939,2.1106063885312117E-8,4700.0,73.38297872340426,47.174803898914014,65.40376106194692,43.3167195287721,4700.0,53488.0
4800.0,1.542198124,2.1339987419264187E-8,4800.0,73.04166666666667,46.40727160275668,64.22449543820846,43.020695728753864,4800.0,53488.0
4900.0,1.558208636,2.1561531019492284E-8,4900.0,73.48979591836735,47.33411375255548,64.08625933093724,42.80052840158521,4900.0,53488.0
5000.0,1.573805108,2.177734538930986E-8,5000.0,74.02,48.373351206195636,64.08625933093724,42.800528401585204,5000.0,53488.0
5100.0,1.589622842,2.1996221446353532E-8,5100.0,74.52941176470588,49.33392027845426,64.08625933093724,42.8005284015852,5100.0,53488.0
5200.0,1.605594106,2.2217221956940165E-8,5200.0,74.63461538461539,49.50687710032192,63.533314901852364,41.91985909291062,5200.0,53488.0
5300.0,1.62555268,2.2493396406537962E-8,5300.0,73.37735849056604,47.108526855455764,61.00055279159756,38.16827344434705,5300.0,53488.0
5400.0,1.649546797,2.2825412213682305E-8,5400.0,72.01851851851852,44.22620888328556,58.236594803758976,36.56591099916036,5400.0,53488.0
5500.0,1.670798366,2.3119478331415193E-8,5500.0,70.7090909090909,41.47603638373491,55.472636815920396,35.09266720386785,5500.0,53488.0
5600.0,1.694253725,2.3444039137309626E-8,5600.0,69.875,39.753335083236465,53.37202874516307,34.663051897753675,5600.0,53488.0
5700.0,1.71292184,2.370235701037778E-8,5700.0,69.54385964912281,39.00914640911356,52.03094777562862,34.017483846446225,5700.0,53488.0
5800.0,1.729421989,2.393067590572354E-8,5800.0,70.06896551724138,39.950399201501575,52.03094777562862,34.01748384644622,5800.0,53488.0
5900.0,1.745081299,2.4147359789067673E-8,5900.0,70.57627118644068,40.832558868207215,52.03094777562862,34.01748384644622,5900.0,53488.0
6000.0,1.760845362,2.4365493179882566E-8,6000.0,71.06666666666666,41.661020959017534,52.03094777562863,34.01748384644622,6000.0,53488.0
6100.0,1.776498875,2.4582096847912504E-8,6100.0,71.54098360655738,42.440543564424885,52.03094777562861,34.017483846446204,6100.0,53488.0
6200.0,1.793147667,2.4812472573506337E-8,6200.0,70.85483870967741,40.98313746734776,50.08287292817679,33.123612139156165,6200.0,53488.0
6300.0,1.809676992,2.5041195188363394E-8,6300.0,69.74603174603175,38.74878329531934,47.348066298342545,31.977159172019988,6300.0,53488.0
6400.0,1.825572504,2.5261147489448388E-8,6400.0,69.890625,38.913681100568134,46.782656724661685,31.859971711456854,6400.0,53488.0
6500.0,1.841503364,2.548158891437782E-8,6500.0,70.07692307692308,39.1250728524934,46.28555647611158,31.223479490806227,6500.0,53488.0
6600.0,1.857460578,2.570239500972132E-8,6600.0,69.48484848484848,37.994259557025885,44.39536167863058,29.972183588317108,6600.0,53488.0
6700.0,1.878323842,2.5991088002117145E-8,6700.0,69.94029850746269,38.70513936906329,44.41070935688656,29.9721835883171,6700.0,53488.0
6800.0,1.904386472,2.6351726617647543E-8,6800.0,70.32352941176471,39.27054374424731,44.300303615788025,29.83310152990265,6800.0,53488.0
6900.0,1.923536007,2.661670608405024E-8,6900.0,70.2463768115942,39.012997059336115,43.34988962472405,29.231299551878653,6900.0,53488.0
7000.0,1.942081671,2.6873329555628203E-8,7000.0,69.94285714285714,38.33058274668248,41.9746276889134,28.870858688302903,7000.0,53488.0
7100.0,1.964273654,2.718040854285989E-8,7100.0,69.80281690140845,37.92009986028923,40.9529055356651,28.48565710473648,7100.0,53488.0
7200.0,1.983446097,2.7445704996051892E-8,7200.0,69.58333333333333,37.366907657896526,39.719240297274965,28.05519053876478,7200.0,53488.0
7300.0,2.001828399,2.770006796492885E-8,7300.0,69.3972602739726,36.87809253106069,38.52504127682994,27.65544041450777,7300.0,53488.0
7400.0,2.020624523,2.7960157147666652E-8,7400.0,68.45945945945945,35.04973180318108,35.77325261419922,26.78795483061481,7400.0,53488.0
7500.0,2.039952252,2.8227602352847663E-8,7500.0,67.54666666666667,33.29810489155268,33.02146395156853,25.97323600973236,7500.0,53488.0
7600.0,2.056951429,2.8462826490182853E-8,7600.0,67.71052631578948,33.45008281629498,32.48968363136176,25.81620314389359,7600.0,53488.0
7700.0,2.072552716,2.8678707487003678E-8,7700.0,68.12987012987013,34.04256938187083,32.48968363136176,25.816203143893603,7700.0,53488.0
7800.0,2.088986708,2.890611094254587E-8,7800.0,68.15384615384616,33.94004443274603,31.701952158372283,25.561881929877135,7800.0,53488.0
7900.0,2.104614617,2.9122360318199636E-8,7900.0,68.41772151898734,34.23964002003921,31.41836173721825,25.254643499101263,7900.0,53488.0
8000.0,2.121228724,2.9352256094134523E-8,8000.0,67.575,32.654088982667176,28.69708631115997,24.549156486329245,8000.0,53488.0
8100.0,2.137474427,2.9577054122508408E-8,8100.0,67.0,31.6888271843087,26.525563496426606,24.448841153193907,8100.0,53488.0
8200.0,2.154547544,2.9813301396005694E-8,8200.0,66.97560975609757,31.701122962523165,25.58395163506458,24.694104560622915,8200.0,53488.0
8300.0,2.181141663,3.0181294428842774E-8,8300.0,66.16867469879519,29.974208140146768,22.835943940643034,21.91323692992214,8300.0,53488.0
8400.0,2.206630171,3.0533988697880686E-8,8400.0,65.38095238095238,28.308785008942923,20.08793624622149,19.132369299221363,8400.0,53488.0
8500.0,2.221940862,3.0745848606303345E-8,8500.0,64.61176470588235,26.7035392661536,17.33992855179995,16.35150166852058,8500.0,53488.0
8600.0,2.2372458,3.09576289082567E-8,8600.0,64.3953488372093,26.131010551406362,15.856004396812299,14.849833147942146,8600.0,53488.0
8700.0,2.252584583,3.116987753646656E-8,8700.0,64.06896551724138,25.366978209765772,14.097279472382526,13.070077864293667,8700.0,53488.0
8800.0,2.267900241,3.1381806175174825E-8,8800.0,63.375,23.955449171307865,11.431712008793642,10.372636262513923,8800.0,53488.0
8900.0,2.283370443,3.159587329853327E-8,8900.0,62.662921348314605,22.536296598655422,8.68370431437207,7.5917686318131175,8900.0,53488.0
9000.0,2.298985525,3.181194518206435E-8,9000.0,62.144444444444446,21.48078587738864,6.375377851057985,5.255839822024477,9000.0,53488.0
9100.0,2.31553404,3.204093333631755E-8,9100.0,62.45054945054945,22.04624232939658,6.126373626373638,5.633802816901405,9100.0,53488.0
9200.0,2.332670605,3.227805856414555E-8,9200.0,62.858695652173914,23.275604793656573,6.126373626373637,8.1698468153722,9200.0,53488.0
9300.0,2.358984827,3.264217855475431E-8,9300.0,63.25806451612903,24.441566489880746,6.126373626373615,10.573148390473701,9300.0,53488.0
9400.0,2.376370298,3.2882747990447635E-8,9400.0,63.62765957446809,25.499957857194588,6.071428571428578,12.802856414180058,9400.0,53488.0
9500.0,2.394595378,3.313493541816045E-8,9500.0,64.01052631578948,26.55414730225415,6.071428571428579,14.971400149216624,9500.0,53488.0
9600.0,2.411071802,3.3362926021574295E-8,9600.0,64.0625,26.73882479519165,6.096897114861183,15.627292736610412,9600.0,53488.0
9700.0,2.427314911,3.3587688155774464E-8,9700.0,63.96907216494845,26.534483707629715,6.224845720418556,15.559313843923645,9700.0,53488.0
9800.0,2.443366362,3.3809798244660125E-8,9800.0,63.88775510204082,26.35748852668095,6.400423168473967,15.55714626580769,9800.0,53488.0
9900.0,2.459481287,3.4032786647648474E-8,9900.0,63.8080808080808,26.189118096495466,6.571056062581471,15.555031817110528,9900.0,53488.0
10000.0,2.475856097,3.425937117913947E-8,10000.0,63.71,25.983880027395557,6.709511568123397,15.526070763500927,10000.0,53488.0
10100.0,2.492273385,3.4486543495021784E-8,10100.0,63.603960396039604,25.752780091195817,6.818757921419524,15.455381784728623,10100.0,53488.0
10200.0,2.508613724,3.4712651038053987E-8,10200.0,63.725490196078425,26.06612008358798,7.407407407407388,15.870850386539322,10200.0,53488.0
10300.0,2.525748059,3.494974540851599E-8,10300.0,63.844660194174764,26.372011643899395,7.981220657277017,16.239316239316253,10300.0,53488.0
10400.0,2.541808162,3.517197521844675E-8,10400.0,63.99038461538461,26.735042778774208,8.613958028306483,16.703736654804253,10400.0,53488.0
10500.0,2.557540936,3.5389675651358265E-8,10500.0,64.04761904761904,26.925165839084357,9.014220294046742,16.923415492957737,10500.0,53488.0
10600.0,2.573420608,3.5609408768283026E-8,10600.0,64.11320754716982,27.134640916415297,9.428571428571443,17.196343056160217,10600.0,53488.0
10700.0,2.589361255,3.582998561968823E-8,10700.0,64.23364485981308,27.434855483208597,9.974123735591633,17.55708746230074,10700.0,53488.0
10800.0,2.605251488,3.6049864873223866E-8,10800.0,64.19444444444444,27.455381957568665,10.174216027874566,17.63578274760383,10800.0,53488.0
10900.0,2.620986802,3.626760045309037E-8,10900.0,64.08256880733944,27.335644734195586,10.144594904750958,17.526859068885603,10900.0,53488.0
11000.0,2.636791716,3.648629911487304E-8,11000.0,64.04545454545455,27.37150039311711,10.337791883926563,17.72415227792804,11000.0,53488.0
11100.0,2.652740672,3.670699094110068E-8,11100.0,64.02702702702703,27.44055247092042,10.59113300492611,17.99137399876771,11100.0,53488.0
11200.0,2.668673594,3.6927460898715614E-8,11200.0,64.03571428571428,27.559901222134425,10.726950354609913,18.362383461694357,11200.0,53488.0
11300.0,2.68488695,3.7151811329234E-8,11300.0,63.964601769911496,27.488645241503008,10.5251593056471,18.738774695669523,11300.0,53488.0
11400.0,2.701143388,3.7376757901923544E-8,11400.0,63.68421052631579,26.966498519599973,10.23417172593234,18.439716312056724,11400.0,53488.0
11500.0,2.717062943,3.7597042895228516E-8,11500.0,63.4,26.432627068719956,9.94865211810014,18.144690781796974,11500.0,53488.0
11600.0,2.739466579,3.790705060626485E-8,11600.0,63.12068965517241,25.90758460947489,9.6706081081081,17.84136739005184,11600.0,53488.0
11700.0,2.756264821,3.8139494328875524E-8,11700.0,62.88034188034188,25.461886606061494,9.407592824363787,17.66824644549763,11700.0,53488.0
11800.0,2.77329402,3.837513389214875E-8,11800.0,63.186440677966104,26.16088822664093,9.424520433694761,19.151312116136236,11800.0,53488.0
11900.0,2.789063771,3.8593345990003004E-8,11900.0,63.218487394957975,26.256344755081734,9.622135040264283,19.198818534244026,11900.0,53488.0
12000.0,2.804923426,3.881280212401518E-8,12000.0,63.275000000000006,26.398491294329386,9.895726845225926,19.31526913218603,12000.0,53488.0
12100.0,2.820754959,3.903186912311864E-8,12100.0,63.37190082644628,26.615576143373428,10.247063588497378,19.52061013255856,12100.0,53488.0
12200.0,2.836590073,3.925098567389367E-8,12200.0,63.49180327868853,26.875035342046296,10.651955867602828,19.776657060518747,12200.0,53488.0
12300.0,2.852375263,3.946941140711723E-8,12300.0,63.60162601626016,27.114963293231355,11.029411764705866,20.010720028586743,12300.0,53488.0
12400.0,2.868633276,3.969437977368634E-8,12400.0,63.7016129032258,27.33583943819699,11.327817178880986,20.22332506203472,12400.0,53488.0
12500.0,2.884596997,3.991527590888657E-8,12500.0,63.792,27.5437064175234,11.705033164260643,20.48489107519326,12500.0,53488.0
12600.0,2.900918864,4.014112784776424E-8,12600.0,63.88095238095238,27.74770916190588,12.074961360123657,20.741901776384545,12600.0,53488.0
12700.0,2.91682276,4.036119616147546E-8,12700.0,64.03937007874015,28.082699644287658,12.643458301453697,21.17707973765964,12700.0,53488.0
12800.0,2.936087787,4.062777373501411E-8,12800.0,64.1953125,28.406258164721066,13.167866616142485,21.523972602739736,12800.0,53488.0
12900.0,2.956459263,4.09096616680796E-8,12900.0,64.37209302325581,28.774646751637402,13.803450862715685,22.009163414220264,12900.0,53488.0
13000.0,2.974053139,4.1153114883754824E-8,13000.0,64.53846153846153,29.122380375360198,14.391829155060329,22.46888664648502,13000.0,53488.0
13100.0,2.990870541,4.138582373064012E-8,13100.0,64.70992366412214,29.479406635510024,14.987127620448703,22.95,13100.0,53488.0
13200.0,3.007125126,4.161074466265739E-8,13200.0,64.45454545454545,29.006622055012894,14.113124656781975,22.033898305084744,13200.0,53488.0
13300.0,3.023338308,4.183509268547099E-8,13300.0,64.06015037593986,28.273153666086447,12.66215969303856,20.716536739094387,13300.0,53488.0
13400.0,3.039833,4.206333607021306E-8,13400.0,63.94776119402985,28.09510692086567,13.095880554056482,20.49045424621462,13400.0,53488.0
13500.0,3.055859265,4.2285097650748995E-8,13500.0,63.85925925925926,27.963974605049458,13.58483882394617,20.38185378590079,13500.0,53488.0
13600.0,3.071644075,4.250351812576669E-8,13600.0,63.794117647058826,27.876479812513992,12.803258367274648,20.362283681060966,13600.0,53488.0
13700.0,3.087126673,4.2717756777335385E-8,13700.0,63.32846715328467,27.019484430269163,11.032406587568634,18.744945819181634,13700.0,53488.0
13800.0,3.10393194,4.2950297707567625E-8,13800.0,63.23188405797101,26.872947840689765,10.178792706673738,18.594577250120317,13800.0,53488.0
13900.0,3.120041514,4.3173212066714975E-8,13900.0,63.42446043165467,27.27306408256181,10.017699115044245,19.59512889451209,13900.0,53488.0
13910.0,3.122957946,4.321356785578034E-8,13910.0,63.450754852624016,27.326019462093814,10.017699115044262,19.722090636349282,13910.0,53488.0
