learning evaluation instances,evaluation time (cpu seconds),model cost (RAM-Hours),classified instances,classifications correct (percent),Kappa Statistic (percent),Kappa Temporal Statistic (percent),Kappa M Statistic (percent),model training instances,model serialized size (bytes)
100.0,0.348593033,4.742813190946148E-9,100.0,85.0,70.0,84.84848484848484,70.0,100.0,52592.0
200.0,0.423597987,5.763299693949521E-9,200.0,86.0,72.0,85.92964824120602,72.0,200.0,52592.0
300.0,0.462948848,6.2986912966436815E-9,300.0,85.0,70.0,84.94983277591973,70.0,300.0,52592.0
400.0,0.506304861,6.888575347376367E-9,400.0,84.75,69.5,84.71177944862156,69.5,400.0,52592.0
500.0,0.543498733,7.394619846389526E-9,500.0,84.6,69.19999999999999,84.5691382765531,69.19999999999999,500.0,52592.0
600.0,0.576858804,7.848503228475651E-9,600.0,84.16666666666667,68.33333333333333,84.14023372287144,68.33333333333333,600.0,52592.0
700.0,0.612507285,8.333521774224938E-9,700.0,84.0,68.0,83.97711015736766,68.0,700.0,52592.0
800.0,0.644447934,8.768093085363508E-9,800.0,84.375,68.75,84.35544430538174,68.75,800.0,52592.0
900.0,0.673782702,9.167209853207072E-9,900.0,82.77777777777777,65.55555555555554,82.75862068965517,65.55555555555554,900.0,52592.0
1000.0,0.701581833,9.545433376692235E-9,1000.0,79.5,59.00000000000001,79.4794794794795,59.00000000000001,1000.0,52592.0
1100.0,0.728731467,9.914820111580193E-9,1100.0,77.45454545454545,54.90909090909091,77.43403093721565,54.90909090909091,1100.0,52592.0
1200.0,0.754678562,1.0267845596265462E-8,1200.0,75.91666666666667,51.83333333333333,75.89658048373644,51.83333333333333,1200.0,52592.0
1300.0,0.77991539,1.0611207480770018E-8,1300.0,74.53846153846155,49.07692307692309,74.51886066204774,49.07692307692309,1300.0,52592.0
1400.0,0.804386046,1.0944145144696036E-8,1400.0,74.42857142857143,48.85714285714287,74.41029306647606,48.85714285714287,1400.0,52592.0
1500.0,0.825269635,1.122827865284764E-8,1500.0,74.33333333333333,48.66666666666666,74.3162108072048,48.66666666666666,1500.0,52592.0
1600.0,0.845842789,1.1508188510284654E-8,1600.0,74.25,48.50000000000001,74.2338961851157,48.50000000000001,1600.0,52592.0
1700.0,0.866872889,1.1794315386741525E-8,1700.0,74.76470588235294,49.52941176470589,74.74985285462037,49.52941176470589,1700.0,52592.0
1800.0,0.888376194,1.2086880495473741E-8,1800.0,75.16666666666667,50.33333333333334,75.15286270150084,50.33333333333334,1800.0,52592.0
1900.0,0.907391767,1.2345598547529013E-8,1900.0,75.47368421052632,50.94736842105263,75.46076882569773,50.94736842105263,1900.0,52592.0
2000.0,0.925697249,1.2594655393987064E-8,2000.0,76.0,52.0,75.9879939969985,52.0,2000.0,52592.0
2100.0,0.943778655,1.2840663554705677E-8,2100.0,76.52380952380953,53.04761904761905,76.51262505955218,53.04761904761905,2100.0,52592.0
2200.0,0.961637497,1.3083643601333927E-8,2200.0,76.86363636363637,53.727272727272734,76.8531150522965,53.727272727272734,2200.0,52592.0
2300.0,0.989059746,1.345673942359785E-8,2300.0,76.82608695652175,53.65217391304349,76.81600695954764,53.65217391304349,2300.0,52592.0
2400.0,1.013319771,1.3786811328915257E-8,2400.0,76.75,53.49999999999999,76.74030846185912,53.49999999999999,2400.0,52592.0
2500.0,1.035567264,1.408950155297915E-8,2500.0,76.96,53.91999999999999,76.95078031212485,53.91999999999999,2500.0,52592.0
2600.0,1.057387574,1.4386379701139197E-8,2600.0,76.5,53.0,76.49095806079261,53.0,2600.0,52592.0
2700.0,1.077038613,1.4653743641786275E-8,2700.0,76.33333333333333,52.666666666666664,76.3245646535754,52.666666666666664,2700.0,52592.0
2800.0,1.096190299,1.4914313591242663E-8,2800.0,76.25,52.49999999999999,76.24151482672382,52.49999999999999,2800.0,52592.0
2900.0,1.114575344,1.5164452939099735E-8,2900.0,76.27586206896552,52.55172413793103,76.26767850983097,52.55172413793103,2900.0,52592.0
3000.0,1.134169714,1.5431045864679746E-8,3000.0,76.26666666666667,52.533333333333346,76.25875291763921,52.533333333333346,3000.0,52592.0
3100.0,1.153103954,1.5688657333445216E-8,3100.0,76.29032258064517,52.58064516129033,76.28267182962246,52.58064516129033,3100.0,52592.0
3200.0,1.174028679,1.5973350521065294E-8,3200.0,76.25,52.49999999999999,76.24257580493904,52.49999999999999,3200.0,52592.0
3300.0,1.194227578,1.6248168419160777E-8,3300.0,76.51515151515152,53.03030303030303,76.50803273719309,53.03030303030303,3300.0,52592.0
3400.0,1.212339749,1.6494595155794588E-8,3400.0,76.94117647058823,53.88235294117647,76.93439246837305,53.88235294117647,3400.0,52592.0
3500.0,1.230075412,1.6735899279697075E-8,3500.0,77.4,54.800000000000004,77.39354101171763,54.800000000000004,3500.0,52592.0
3600.0,1.246903547,1.696485595152196E-8,3600.0,77.77777777777779,55.55555555555556,77.77160322311754,55.55555555555556,3600.0,52592.0
3700.0,1.263631623,1.7192451261815926E-8,3700.0,76.94594594594595,53.72040384560115,76.3121355179117,53.028634361233486,3700.0,52592.0
3800.0,1.278044814,1.7388551200504104E-8,3800.0,76.36842105263158,52.81380396737951,75.06248264371007,52.335456475583854,3800.0,52592.0
3900.0,1.2932754,1.7595772278805574E-8,3900.0,75.7948717948718,51.72866095022268,73.80688124306327,50.807712350182385,3900.0,52592.0
4000.0,1.309713042,1.7819416063750783E-8,4000.0,76.075,52.358953629381546,73.46089850249584,50.89789635710621,4000.0,52592.0
4100.0,1.336403324,1.8182553044574127E-8,4100.0,76.0,52.00419142456805,72.71214642262895,51.97657393850659,4100.0,52592.0
4200.0,1.350887038,1.8379612490145695E-8,4200.0,75.52380952380953,51.19105757230453,71.49986138064874,50.16965584100824,4200.0,52592.0
4300.0,1.365802661,1.8582548311630055E-8,4300.0,75.13953488372093,50.46475860743113,70.37139689578713,49.119466920514036,4300.0,52592.0
4400.0,1.382175062,1.8805304454407755E-8,4400.0,74.77272727272727,49.73835955226386,69.24355777223607,48.25174825174825,4400.0,52592.0
4500.0,1.396375265,1.8998506566116374E-8,4500.0,74.71111111111111,49.7545912588491,68.4677195899141,46.94638694638694,4500.0,52592.0
4600.0,1.41052936,1.9191081351372926E-8,4600.0,74.93478260869566,50.22994183515055,68.10511756569846,46.768236380424746,4600.0,52592.0
4700.0,1.425509348,1.9394892896529696E-8,4700.0,73.74468085106383,47.862054780531224,65.87389380530972,44.086995922066144,4700.0,52592.0
4800.0,1.440579438,1.959993033237755E-8,4800.0,73.83333333333333,47.97879390324717,65.27508985346972,44.69396741523557,4800.0,52592.0
4900.0,1.454354436,1.9787347280035414E-8,4900.0,74.36734693877551,49.06697828080362,65.27508985346972,44.69396741523558,4900.0,52592.0
5000.0,1.468423817,1.9978769481509093E-8,5000.0,74.88,50.06964807052583,65.27508985346972,44.69396741523559,5000.0,52592.0
5100.0,1.48372355,2.0186931345404847E-8,5100.0,75.37254901960785,50.996502373061844,65.27508985346974,44.69396741523559,5100.0,52592.0
5200.0,1.497543569,2.037496083024061E-8,5200.0,75.46153846153845,51.136457363701695,64.72214542438485,43.813298106560985,5200.0,52592.0
5300.0,1.512522933,2.057876388551046E-8,5300.0,74.18867924528301,48.70174462462857,62.18905472636816,40.052585451358446,5300.0,52592.0
5400.0,1.529903327,2.0815234365765416E-8,5400.0,72.81481481481481,45.796974963579515,59.42509673852957,38.37111670864818,5400.0,52592.0
5500.0,1.546437113,2.1040186246364477E-8,5500.0,71.4909090909091,43.02406136699707,56.66113875069099,36.825141015310244,5500.0,52592.0
5600.0,1.562419147,2.1257631216566594E-8,5600.0,71.07142857142857,42.17326780826869,55.223880597014926,37.257939581719604,5600.0,52592.0
5700.0,1.577481685,2.1462565903013777E-8,5700.0,70.57894736842105,41.121549208708196,53.661232384636634,36.2599771949829,5700.0,52592.0
5800.0,1.592590371,2.166812846013655E-8,5800.0,70.72413793103448,41.35109022513406,53.08096159159989,35.461801596351194,5800.0,52592.0
5900.0,1.607781512,2.1874812866018875E-8,5900.0,70.28813559322033,40.47403906784348,51.5612047526941,33.37134169517294,5900.0,52592.0
6000.0,1.621023024,2.2054971422950423E-8,6000.0,70.56666666666666,40.930449115896735,51.201989499861845,32.877232991258076,6000.0,52592.0
6100.0,1.634758538,2.224185116757121E-8,6100.0,71.0327868852459,41.71726196848978,51.17435755733628,32.839224629418474,6100.0,52592.0
6200.0,1.650151814,2.2451285738986396E-8,6200.0,70.35483870967741,40.25803187028177,49.22651933701657,31.976313841598802,6200.0,52592.0
6300.0,1.667008333,2.268062859182142E-8,6300.0,69.58730158730158,38.722443044838904,47.07182320441989,31.620271234832266,6300.0,52592.0
6400.0,1.681978493,2.2884306421259207E-8,6400.0,69.46875,38.49853933047327,46.03700635183651,30.90523338048091,6400.0,52592.0
6500.0,1.697078086,2.3089745262770186E-8,6500.0,68.4,36.42752094568195,43.27533830433583,27.36916548797737,6500.0,52592.0
6600.0,1.712739406,2.3302826730418534E-8,6600.0,68.0909090909091,35.94045664615689,41.85532854776366,26.77329624478443,6600.0,52592.0
6700.0,1.729839795,2.3535487578002113E-8,6700.0,68.56716417910448,36.742404645794316,41.871377311620215,26.77329624478443,6700.0,52592.0
6800.0,1.745446743,2.3747829282619058E-8,6800.0,68.57352941176471,36.671448252106536,41.01573281810656,25.69541029207234,6800.0,52592.0
6900.0,1.763401107,2.3992108962225417E-8,6900.0,68.46376811594203,36.406370341405754,39.95584988962471,24.991382281971717,6900.0,52592.0
7000.0,1.790850033,2.436556774076074E-8,7000.0,68.35714285714286,36.15032367523762,38.91340319911749,25.118323191345514,7000.0,52592.0
7100.0,1.815456114,2.4700347941443323E-8,7100.0,68.05633802816902,35.4437446765384,37.53786835582485,24.349566377585052,7100.0,52592.0
7200.0,1.838910687,2.501946119868507E-8,7200.0,67.86111111111111,34.92238519488951,36.30608312689238,23.98160315374509,7200.0,52592.0
7300.0,1.862341965,2.533825751375407E-8,7300.0,67.67123287671232,34.41731796979953,35.05778756191524,23.575129533678744,7300.0,52592.0
7400.0,1.880720094,2.558830276536445E-8,7400.0,66.75675675675676,32.5441247911458,32.305998899284525,22.835633626097867,7400.0,52592.0
7500.0,1.89616126,2.5798388908389544E-8,7500.0,65.86666666666666,30.74574924983578,29.554210236653823,22.141119221411184,7500.0,52592.0
7600.0,1.914160022,2.604327264889247E-8,7600.0,65.82894736842105,30.557559062243477,28.55570839064649,21.493349455864564,7600.0,52592.0
7700.0,1.928525804,2.6238727560258574E-8,7700.0,65.23376623376623,29.343143416872884,26.354883081155435,19.07496977025394,7700.0,52592.0
7800.0,1.944308365,2.645345858300312E-8,7800.0,65.05128205128206,28.893995778344355,25.048116579598574,18.309859154929587,7800.0,52592.0
7900.0,1.9581459,2.6641726383318507E-8,7900.0,65.20253164556962,29.054838524629673,24.43650357339197,17.64529658478131,7900.0,52592.0
8000.0,1.972260753,2.683376725809028E-8,8000.0,65.14999999999999,29.11950754837202,23.364485981308402,18.90634089586968,8000.0,52592.0
8100.0,1.99026285,2.707869637322923E-8,8100.0,65.32098765432099,29.664695138561115,22.787245739417244,20.604861503674385,8100.0,52592.0
8200.0,2.009052415,2.7334339453549023E-8,8200.0,65.25609756097562,29.550936297241265,21.709260785930198,20.77308120133481,8200.0,52592.0
8300.0,2.028798658,2.760299870059722E-8,8300.0,64.46987951807229,28.001159196426972,18.96125309150866,17.992213570634046,8300.0,52592.0
8400.0,2.047421068,2.7856367538852827E-8,8400.0,63.702380952380956,26.51043894027387,16.21324539708711,15.211345939933263,8400.0,52592.0
8500.0,2.063141795,2.8070257273668217E-8,8500.0,62.95294117647059,25.077040502652398,13.465237702665561,12.430478309232472,8500.0,52592.0
8600.0,2.07646527,2.8251530985410016E-8,8600.0,62.75581395348837,24.646402330622223,11.981313547677926,10.928809788654052,8600.0,52592.0
8700.0,2.091108488,2.8450760576691894E-8,8700.0,62.52873563218391,24.167255558915567,10.414949161857647,9.343715239154614,8700.0,52592.0
8800.0,2.105745586,2.8649906901775136E-8,8800.0,61.85227272727273,22.91158599594924,7.749381698268768,6.646273637374874,8800.0,52592.0
8900.0,2.119557137,2.8837821174491612E-8,8900.0,61.15730337078652,21.64633435141766,5.001374003847214,3.865406006674088,8900.0,52592.0
9000.0,2.13292036,2.901963568114572E-8,9000.0,60.74444444444445,20.88206015083393,2.912888156086837,1.751946607341492,9000.0,52592.0
9100.0,2.146554684,2.9205138676315545E-8,9100.0,61.15384615384616,21.60841781108606,2.884615384615402,2.3750345208505967,9100.0,52592.0
9200.0,2.161899975,2.9413920383589963E-8,9200.0,61.576086956521735,22.674105473832597,2.8846153846153886,4.99865627519482,9200.0,52592.0
9300.0,2.177034181,2.961983015531881E-8,9300.0,61.98924731182795,23.689196476520916,2.884615384615371,7.484951583355144,9300.0,52592.0
9400.0,2.19007039,2.9797195444214675E-8,9400.0,62.38297872340426,24.63323825115301,2.857142857142867,9.818923743942877,9400.0,52592.0
9500.0,2.203198359,2.997580918186655E-8,9500.0,62.77894736842106,25.557894736842112,2.8571428571428763,12.061676199950282,9500.0,52592.0
9600.0,2.216451163,3.0156121373097934E-8,9600.0,62.802083333333336,25.629376500413713,2.803483941208495,12.668134018097335,9600.0,52592.0
9700.0,2.230010254,3.034060077906483E-8,9700.0,62.701030927835056,25.38854948329467,2.924604239334598,12.587581541435142,9700.0,52592.0
9800.0,2.24305325,3.0518058409086534E-8,9800.0,62.60204081632653,25.148901939372216,3.0679714361280164,12.550703889286563,9800.0,52592.0
9900.0,2.256752262,3.07044415225337E-8,9900.0,62.535353535353536,24.977756340250075,3.2855280312907356,12.585434833843982,9900.0,52592.0
10000.0,2.270463226,3.089098724996878E-8,10000.0,62.43,24.73300953368522,3.4190231362467807,12.546554934823078,10000.0,52592.0
10100.0,2.283706358,3.107116784795291E-8,10100.0,62.336633663366335,24.50101922562904,3.5741444866920187,12.51149954001841,10100.0,52592.0
10200.0,2.297616946,3.1260429577289354E-8,10200.0,62.44117647058823,24.715975536554875,4.129129129129115,12.892223738062746,10200.0,52592.0
10300.0,2.31109482,3.144380397821466E-8,10300.0,62.56310679611651,24.973087688176037,4.719545342228828,13.270355375618543,10300.0,52592.0
10400.0,2.324172799,3.16217375725218E-8,10400.0,62.682692307692314,25.22151900375791,5.295265983406554,13.678825622775804,10400.0,52592.0
10500.0,2.336949197,3.179556797999061E-8,10500.0,62.8,25.479916207832048,5.856832971800431,14.040492957746487,10500.0,52592.0
10600.0,2.34963807,3.196820755836865E-8,10600.0,62.943396226415096,25.795536019643944,6.47619047619048,14.497170222028732,10600.0,52592.0
10700.0,2.362402284,3.214187219535312E-8,10700.0,63.07476635514019,26.058211469139103,7.057163020465773,14.885825075398534,10700.0,52592.0
10800.0,2.37511692,3.2314862294495116E-8,10800.0,63.101851851851855,26.169837028123737,7.43321718931476,15.122470713525033,10800.0,52592.0
10900.0,2.38729967,3.248061577185162E-8,10900.0,63.04587155963303,26.1371313888693,7.551067248106484,15.146408257847058,10900.0,52592.0
11000.0,2.399624718,3.264830529717109E-8,11000.0,63.02727272727273,26.181196558631648,7.798685105418289,15.3942167672145,11000.0,52592.0
11100.0,2.411840781,3.281451201748104E-8,11100.0,63.01801801801802,26.239579117766095,8.083296014330497,15.691107003491469,11100.0,52592.0
11200.0,2.424442889,3.298597110701519E-8,11200.0,63.035714285714285,26.34475856892669,8.244680851063812,16.092419943250903,11200.0,52592.0
11300.0,2.437804452,3.31677630283932E-8,11300.0,62.982300884955755,26.266695244076356,8.086134915403216,16.523647974456214,11300.0,52592.0
11400.0,2.450522129,3.3340794502128345E-8,11400.0,62.73684210526316,25.7938395978569,7.892454466608839,16.312056737588644,11400.0,52592.0
11500.0,2.463264027,3.351415551681073E-8,11500.0,62.48695652173913,25.307138653804923,7.702182284980765,16.102683780630116,11500.0,52592.0
11600.0,2.476167388,3.368971333055034E-8,11600.0,62.23275862068965,24.810868699627925,7.495777027027019,15.86326099481466,11600.0,52592.0
11700.0,2.489198965,3.386701559836253E-8,11700.0,62.02564102564102,24.407556652997613,7.321652065081332,15.772511848341212,11700.0,52592.0
11800.0,2.502023329,3.404149861146594E-8,11800.0,62.33898305084746,25.05169568123104,7.339449541284424,17.290154476084126,11800.0,52592.0
11900.0,2.514550235,3.421193453357039E-8,11900.0,62.48739495798319,25.36062714068883,7.825727854635541,17.592763522244766,11900.0,52592.0
12000.0,2.526891247,3.4379841258496886E-8,12000.0,62.65833333333334,25.711165142703884,8.382743815170725,17.960454046136967,12000.0,52592.0
12100.0,2.539578815,3.455246308158256E-8,12100.0,62.85123966942149,26.10188549939634,8.971243418388022,18.376611585255127,12100.0,52592.0
12200.0,2.55209013,3.4722686878964314E-8,12200.0,63.05737704918033,26.516600271709535,9.5887662988967,18.822046109510097,12200.0,52592.0
12300.0,2.565090633,3.4899566366734616E-8,12300.0,63.260162601626014,26.924528343560056,10.194753577106502,19.26031802751474,12300.0,52592.0
12400.0,2.577722948,3.507143644026585E-8,12400.0,63.41129032258065,27.23588987671072,10.618597320724978,19.5852534562212,12400.0,52592.0
12500.0,2.590150393,3.524051913698102E-8,12500.0,63.504000000000005,27.439451291850077,11.002731174405007,19.852424455375974,12500.0,52592.0
12600.0,2.603083081,3.541647596180026E-8,12600.0,63.56349206349206,27.572182537542112,11.302163833075747,20.045280390107987,12600.0,52592.0
12700.0,2.61649446,3.559894565915069E-8,12700.0,63.64566929133858,27.73495607471821,11.687069625095628,20.314118053158435,12700.0,52592.0
12800.0,2.629369439,3.5774117319091334E-8,12800.0,63.71875,27.877477322,12.01212580522926,20.479452054794535,12800.0,52592.0
12900.0,2.643066174,3.5960469452614596E-8,12900.0,63.7984496124031,28.029732848776778,12.415603900975231,20.753436280332586,12900.0,52592.0
13000.0,2.6556198,3.6131268916030736E-8,13000.0,63.87692307692308,28.181552630411804,12.79480037140203,21.022536158762193,13000.0,52592.0
13100.0,2.668162715,3.630192264999367E-8,13100.0,63.961832061068705,28.34544933801474,13.184994483265914,21.316666666666663,13100.0,52592.0
13200.0,2.680333786,3.646751722768778E-8,13200.0,63.68181818181819,27.838143641011804,12.246018671059854,20.338983050847464,13200.0,52592.0
13300.0,2.692848887,3.6637792535825744E-8,13300.0,63.29323308270677,27.140117248006785,10.798465192764487,19.02471388289933,13300.0,52592.0
13400.0,2.70506469,3.680399571868281E-8,13400.0,63.18656716417911,26.971112236030358,11.26101816873539,18.811718235681383,13400.0,52592.0
13500.0,2.719307784,3.699778138766687E-8,13500.0,63.10370370370371,26.845531129936195,11.778250088558288,18.717362924281993,13500.0,52592.0
13600.0,2.732398439,3.717588744640765E-8,13600.0,63.044117647058826,26.761447113299386,10.9969895519745,18.712599061944044,13600.0,52592.0
13700.0,2.744563386,3.7341398703480766E-8,13700.0,62.58394160583942,25.945696055327254,9.226137772268483,17.09526120006471,13700.0,52592.0
13800.0,2.756887329,3.750907319462548E-8,13800.0,62.4927536231884,25.80543433686208,8.373163391750744,16.95812610300015,13800.0,52592.0
13900.0,2.769326323,3.76783130222766E-8,13900.0,62.690647482014384,26.184875422756527,8.212389380530967,17.98197058358373,13900.0,52592.0
13910.0,2.772049036,3.7715357133630256E-8,13910.0,62.71746944644141,26.23514804761133,8.212389380530983,18.11147955155534,13910.0,52592.0
