learning evaluation instances,evaluation time (cpu seconds),model cost (RAM-Hours),classified instances,classifications correct (percent),Kappa Statistic (percent),Kappa Temporal Statistic (percent),Kappa M Statistic (percent),model training instances,model serialized size (bytes)
100.0,0.398016629,5.415250276207096E-9,100.0,85.0,70.0,84.84848484848484,70.0,100.0,52592.0
200.0,0.468942826,6.3802428918663E-9,200.0,86.0,72.0,85.92964824120602,72.0,200.0,52592.0
300.0,0.505075248,6.8718457394838336E-9,300.0,85.0,70.0,84.94983277591973,70.0,300.0,52592.0
400.0,0.537977721,7.319503231706719E-9,400.0,84.75,69.5,84.71177944862156,69.5,400.0,52592.0
500.0,0.56951306,7.748560061968035E-9,500.0,84.6,69.19999999999999,84.5691382765531,69.19999999999999,500.0,52592.0
600.0,0.599566884,8.15746000950535E-9,600.0,84.16666666666667,68.33333333333333,84.14023372287144,68.33333333333333,600.0,52592.0
700.0,0.628624648,8.552807975047163E-9,700.0,84.0,68.0,83.97711015736766,68.0,700.0,52592.0
800.0,0.655927732,8.924282487415603E-9,800.0,84.375,68.75,84.35544430538174,68.75,800.0,52592.0
900.0,0.681739016,9.275460183587337E-9,900.0,82.77777777777777,65.55555555555554,82.75862068965517,65.55555555555554,900.0,52592.0
1000.0,0.707200628,9.621880386587644E-9,1000.0,79.5,59.00000000000001,79.4794794794795,59.00000000000001,1000.0,52592.0
1100.0,0.732505725,9.96617111098021E-9,1100.0,77.45454545454545,54.90909090909091,77.43403093721565,54.90909090909091,1100.0,52592.0
1200.0,0.757457551,1.0305655375690094E-8,1200.0,75.91666666666667,51.83333333333333,75.89658048373644,51.83333333333333,1200.0,52592.0
1300.0,0.784789448,1.0677521905865933E-8,1300.0,74.53846153846155,49.07692307692309,74.51886066204774,49.07692307692309,1300.0,52592.0
1400.0,0.815179603,1.1090997834425005E-8,1400.0,74.42857142857143,48.85714285714287,74.41029306647606,48.85714285714287,1400.0,52592.0
1500.0,0.839601004,1.1423265355113479E-8,1500.0,74.33333333333333,48.66666666666666,74.3162108072048,48.66666666666666,1500.0,52592.0
1600.0,0.858981308,1.1686945786890056E-8,1600.0,74.25,48.50000000000001,74.2338961851157,48.50000000000001,1600.0,52592.0
1700.0,0.880003259,1.1972961791410214E-8,1700.0,74.76470588235294,49.52941176470589,74.74985285462037,49.52941176470589,1700.0,52592.0
1800.0,0.898379107,1.2222976008674337E-8,1800.0,75.16666666666667,50.33333333333334,75.15286270150084,50.33333333333334,1800.0,52592.0
1900.0,0.915919144,1.2461618525816335E-8,1900.0,75.47368421052632,50.94736842105263,75.46076882569773,50.94736842105263,1900.0,52592.0
2000.0,0.933348973,1.2698761598314676E-8,2000.0,76.0,52.0,75.9879939969985,52.0,2000.0,52592.0
2100.0,0.950714752,1.2935033232900831E-8,2100.0,76.52380952380953,53.04761904761905,76.51262505955218,53.04761904761905,2100.0,52592.0
2200.0,0.970469705,1.3203810984620618E-8,2200.0,76.86363636363637,53.727272727272734,76.8531150522965,53.727272727272734,2200.0,52592.0
2300.0,0.996297044,1.355520711850789E-8,2300.0,76.82608695652175,53.65217391304349,76.81600695954764,53.65217391304349,2300.0,52592.0
2400.0,1.017860423,1.3848589569334355E-8,2400.0,76.75,53.49999999999999,76.74030846185912,53.49999999999999,2400.0,52592.0
2500.0,1.041264603,1.4167017200179398E-8,2500.0,76.96,53.91999999999999,76.95078031212485,53.91999999999999,2500.0,52592.0
2600.0,1.061265086,1.4439135531923838E-8,2600.0,76.5,53.0,76.49095806079261,53.0,2600.0,52592.0
2700.0,1.085493849,1.4768782099348804E-8,2700.0,76.33333333333333,52.666666666666664,76.3245646535754,52.666666666666664,2700.0,52592.0
2800.0,1.113557485,1.5150604368891154E-8,2800.0,76.25,52.49999999999999,76.24151482672382,52.49999999999999,2800.0,52592.0
2900.0,1.131484562,1.5394512792817422E-8,2900.0,76.27586206896552,52.55172413793103,76.26767850983097,52.55172413793103,2900.0,52592.0
3000.0,1.149195957,1.5635486736310028E-8,3000.0,76.26666666666667,52.533333333333346,76.25875291763921,52.533333333333346,3000.0,52592.0
3100.0,1.166354989,1.586894545639141E-8,3100.0,76.29032258064517,52.58064516129033,76.28267182962246,52.58064516129033,3100.0,52592.0
3200.0,1.18486382,1.612076898556617E-8,3200.0,76.25,52.49999999999999,76.24257580493904,52.49999999999999,3200.0,52592.0
3300.0,1.202063472,1.6354780364632612E-8,3300.0,76.51515151515152,53.03030303030303,76.50803273719309,53.03030303030303,3300.0,52592.0
3400.0,1.220571432,1.660659204334021E-8,3400.0,76.94117647058823,53.88235294117647,76.93439246837305,53.88235294117647,3400.0,52592.0
3500.0,1.240229271,1.6874048501985773E-8,3500.0,77.4,54.800000000000004,77.39354101171763,54.800000000000004,3500.0,52592.0
3600.0,1.257372281,1.7107289233336022E-8,3600.0,77.77777777777779,55.55555555555556,77.77160322311754,55.55555555555556,3600.0,52592.0
3700.0,1.275854594,1.735875196952787E-8,3700.0,76.94594594594595,53.72040384560115,76.3121355179117,53.028634361233486,3700.0,52592.0
3800.0,1.292114765,1.7579981157162956E-8,3800.0,76.36842105263158,52.81380396737951,75.06248264371007,52.335456475583854,3800.0,52592.0
3900.0,1.309544509,1.7817123073186316E-8,3900.0,75.7948717948718,51.72866095022268,73.80688124306327,50.807712350182385,3900.0,52592.0
4000.0,1.325768976,1.803786648690701E-8,4000.0,76.075,52.358953629381546,73.46089850249584,50.89789635710621,4000.0,52592.0
4100.0,1.352117983,1.8396360220681465E-8,4100.0,76.0,52.00419142456805,72.71214642262895,51.97657393850659,4100.0,52592.0
4200.0,1.372305535,1.867102373616977E-8,4200.0,75.52380952380953,51.19105757230453,71.49986138064874,50.16965584100824,4200.0,52592.0
4300.0,1.391185547,1.892789740110851E-8,4300.0,75.13953488372093,50.46475860743113,70.37139689578713,49.119466920514036,4300.0,52592.0
4400.0,1.409691468,1.9179681338022154E-8,4400.0,74.77272727272727,49.73835955226386,69.24355777223607,48.25174825174825,4400.0,52592.0
4500.0,1.426713661,1.9411278283045526E-8,4500.0,74.71111111111111,49.7545912588491,68.4677195899141,46.94638694638694,4500.0,52592.0
4600.0,1.445145427,1.966205329758012E-8,4600.0,74.93478260869566,50.22994183515055,68.10511756569846,46.768236380424746,4600.0,52592.0
4700.0,1.461456584,1.9883976179725598E-8,4700.0,73.74468085106383,47.862054780531224,65.87389380530972,44.086995922066144,4700.0,52592.0
4800.0,1.477014428,2.0095649795548787E-8,4800.0,73.83333333333333,47.97879390324717,65.27508985346972,44.69396741523557,4800.0,52592.0
4900.0,1.494660154,2.0335730273682212E-8,4900.0,74.36734693877551,49.06697828080362,65.27508985346972,44.69396741523558,4900.0,52592.0
5000.0,1.509781244,2.054146159451869E-8,5000.0,74.88,50.06964807052583,65.27508985346972,44.69396741523559,5000.0,52592.0
5100.0,1.525075886,2.0749554192365875E-8,5100.0,75.37254901960785,50.996502373061844,65.27508985346974,44.69396741523559,5100.0,52592.0
5200.0,1.54183521,2.0977574650074048E-8,5200.0,75.46153846153845,51.136457363701695,64.72214542438485,43.813298106560985,5200.0,52592.0
5300.0,1.557107346,2.1185361040557426E-8,5300.0,74.18867924528301,48.70174462462857,62.18905472636816,40.052585451358446,5300.0,52592.0
5400.0,1.586305073,2.15826132850142E-8,5400.0,72.81481481481481,45.796974963579515,59.42509673852957,38.37111670864818,5400.0,52592.0
5500.0,1.616980191,2.199996630275001E-8,5500.0,71.4909090909091,43.02406136699707,56.66113875069099,36.825141015310244,5500.0,52592.0
5600.0,1.647269085,2.2412064515861372E-8,5600.0,71.07142857142857,42.17326780826869,55.223880597014926,37.257939581719604,5600.0,52592.0
5700.0,1.677449915,2.2822692454709775E-8,5700.0,70.57894736842105,41.121549208708196,53.661232384636634,36.2599771949829,5700.0,52592.0
5800.0,1.704307328,2.31881033510632E-8,5800.0,70.72413793103448,41.35109022513406,53.08096159159989,35.461801596351194,5800.0,52592.0
5900.0,1.725894473,2.3481809152294367E-8,5900.0,70.28813559322033,40.47403906784348,51.5612047526941,33.37134169517294,5900.0,52592.0
6000.0,1.739115158,2.3661684345644383E-8,6000.0,70.56666666666666,40.930449115896735,51.201989499861845,32.877232991258076,6000.0,52592.0
6100.0,1.752145761,2.383897336161385E-8,6100.0,71.0327868852459,41.71726196848978,51.17435755733628,32.839224629418474,6100.0,52592.0
6200.0,1.766811555,2.4038510112650694E-8,6200.0,70.35483870967741,40.25803187028177,49.22651933701657,31.976313841598802,6200.0,52592.0
6300.0,1.782052492,2.4245872022393678E-8,6300.0,69.58730158730158,38.722443044838904,47.07182320441989,31.620271234832266,6300.0,52592.0
6400.0,1.795342532,2.4426690831300288E-8,6400.0,69.46875,38.49853933047327,46.03700635183651,30.90523338048091,6400.0,52592.0
6500.0,1.808679655,2.4608150232107276E-8,6500.0,68.4,36.42752094568195,43.27533830433583,27.36916548797737,6500.0,52592.0
6600.0,1.823291982,2.4806959533169867E-8,6600.0,68.0909090909091,35.94045664615689,41.85532854776366,26.77329624478443,6600.0,52592.0
6700.0,1.836067593,2.498077923304091E-8,6700.0,68.56716417910448,36.742404645794316,41.871377311620215,26.77329624478443,6700.0,52592.0
6800.0,1.84954311,2.5164121565595267E-8,6800.0,68.57352941176471,36.671448252106536,41.01573281810656,25.69541029207234,6800.0,52592.0
6900.0,1.867936449,2.5414373758199313E-8,6900.0,68.46376811594203,36.406370341405754,39.95584988962471,24.991382281971717,6900.0,52592.0
7000.0,1.88787935,2.568570865297483E-8,7000.0,68.35714285714286,36.15032367523762,38.91340319911749,25.118323191345514,7000.0,52592.0
7100.0,1.907122974,2.5947529472981888E-8,7100.0,68.05633802816902,35.4437446765384,37.53786835582485,24.349566377585052,7100.0,52592.0
7200.0,1.922385266,2.6155181930056873E-8,7200.0,67.86111111111111,34.92238519488951,36.30608312689238,23.98160315374509,7200.0,52592.0
7300.0,1.937719776,2.636381695548693E-8,7300.0,67.67123287671232,34.41731796979953,35.05778756191524,23.575129533678744,7300.0,52592.0
7400.0,1.95299694,2.6571671754866838E-8,7400.0,66.75675675675676,32.5441247911458,32.305998899284525,22.835633626097867,7400.0,52592.0
7500.0,1.968570433,2.678355828453683E-8,7500.0,65.86666666666666,30.74574924983578,29.554210236653823,22.141119221411184,7500.0,52592.0
7600.0,1.982703125,2.6975841869393156E-8,7600.0,65.82894736842105,30.557559062243477,28.55570839064649,21.493349455864564,7600.0,52592.0
7700.0,1.997066282,2.7171261066090728E-8,7700.0,65.23376623376623,29.343143416872884,26.354883081155435,19.07496977025394,7700.0,52592.0
7800.0,2.010598678,2.7355377270885637E-8,7800.0,65.05128205128206,28.893995778344355,25.048116579598574,18.309859154929587,7800.0,52592.0
7900.0,2.023239365,2.7527361250399713E-8,7900.0,65.20253164556962,29.054838524629673,24.43650357339197,17.64529658478131,7900.0,52592.0
8000.0,2.036297845,2.77050295493462E-8,8000.0,65.14999999999999,29.11950754837202,23.364485981308402,18.90634089586968,8000.0,52592.0
8100.0,2.049280471,2.7881665810019603E-8,8100.0,65.32098765432099,29.664695138561115,22.787245739417244,20.604861503674385,8100.0,52592.0
8200.0,2.062709435,2.8064374761635227E-8,8200.0,65.25609756097562,29.550936297241265,21.709260785930198,20.77308120133481,8200.0,52592.0
8300.0,2.07830729,2.8276592750640374E-8,8300.0,64.46987951807229,28.001159196426972,18.96125309150866,17.992213570634046,8300.0,52592.0
8400.0,2.092064306,2.8463765042614602E-8,8400.0,63.702380952380956,26.51043894027387,16.21324539708711,15.211345939933263,8400.0,52592.0
8500.0,2.106111988,2.8654892016434004E-8,8500.0,62.95294117647059,25.077040502652398,13.465237702665561,12.430478309232472,8500.0,52592.0
8600.0,2.119865378,2.8842014974546097E-8,8600.0,62.75581395348837,24.646402330622223,11.981313547677926,10.928809788654052,8600.0,52592.0
8700.0,2.134995412,2.9047867983761757E-8,8700.0,62.52873563218391,24.167255558915567,10.414949161857647,9.343715239154614,8700.0,52592.0
8800.0,2.148692748,2.9234228294243412E-8,8800.0,61.85227272727273,22.91158599594924,7.749381698268768,6.646273637374874,8800.0,52592.0
8900.0,2.163651881,2.9437756094862188E-8,8900.0,61.15730337078652,21.64633435141766,5.001374003847214,3.865406006674088,8900.0,52592.0
9000.0,2.177901612,2.9631632064133883E-8,9000.0,60.74444444444445,20.88206015083393,2.912888156086837,1.751946607341492,9000.0,52592.0
9100.0,2.19383055,2.98483546320349E-8,9100.0,61.15384615384616,21.60841781108606,2.884615384615402,2.3750345208505967,9100.0,52592.0
9200.0,2.209073613,3.0055745467258E-8,9200.0,61.576086956521735,22.674105473832597,2.8846153846153886,4.99865627519482,9200.0,52592.0
9300.0,2.223949666,3.0258142915624713E-8,9300.0,61.98924731182795,23.689196476520916,2.884615384615371,7.484951583355144,9300.0,52592.0
9400.0,2.239780073,3.047352491133329E-8,9400.0,62.38297872340426,24.63323825115301,2.857142857142867,9.818923743942877,9400.0,52592.0
9500.0,2.254324037,3.0671404093582596E-8,9500.0,62.77894736842106,25.557894736842112,2.8571428571428763,12.061676199950282,9500.0,52592.0
9600.0,2.268392399,3.086281243096209E-8,9600.0,62.802083333333336,25.629376500413713,2.803483941208495,12.668134018097335,9600.0,52592.0
9700.0,2.282143088,3.104989864038096E-8,9700.0,62.701030927835056,25.38854948329467,2.924604239334598,12.587581541435142,9700.0,52592.0
9800.0,2.295737253,3.12348552487418E-8,9800.0,62.60204081632653,25.148901939372216,3.0679714361280164,12.550703889286563,9800.0,52592.0
9900.0,2.310415849,3.143456617851637E-8,9900.0,62.535353535353536,24.977756340250075,3.2855280312907356,12.585434833843982,9900.0,52592.0
10000.0,2.324870984,3.163123678998814E-8,10000.0,62.43,24.73300953368522,3.4190231362467807,12.546554934823078,10000.0,52592.0
10100.0,2.339370561,3.182851206100235E-8,10100.0,62.336633663366335,24.50101922562904,3.5741444866920187,12.51149954001841,10100.0,52592.0
10200.0,2.354090849,3.2028790234952336E-8,10200.0,62.44117647058823,24.715975536554875,4.129129129129115,12.892223738062746,10200.0,52592.0
10300.0,2.367835314,3.221579176319142E-8,10300.0,62.56310679611651,24.973087688176037,4.719545342228828,13.270355375618543,10300.0,52592.0
10400.0,2.38200856,3.2408627109063995E-8,10400.0,62.682692307692314,25.22151900375791,5.295265983406554,13.678825622775804,10400.0,52592.0
10500.0,2.394836249,3.258315536074754E-8,10500.0,62.8,25.479916207832048,5.856832971800431,14.040492957746487,10500.0,52592.0
10600.0,2.407866072,3.276043376435836E-8,10600.0,62.943396226415096,25.795536019643944,6.47619047619048,14.497170222028732,10600.0,52592.0
10700.0,2.421136011,3.2940979087340334E-8,10700.0,63.07476635514019,26.058211469139103,7.057163020465773,14.885825075398534,10700.0,52592.0
10800.0,2.434114817,3.311756337466753E-8,10800.0,63.101851851851855,26.169837028123737,7.43321718931476,15.122470713525033,10800.0,52592.0
10900.0,2.447192693,3.3295495567599104E-8,10900.0,63.04587155963303,26.1371313888693,7.551067248106484,15.146408257847058,10900.0,52592.0
11000.0,2.460007855,3.346985338208162E-8,11000.0,63.02727272727273,26.181196558631648,7.798685105418289,15.3942167672145,11000.0,52592.0
11100.0,2.473819532,3.365776936910218E-8,11100.0,63.01801801801802,26.239579117766095,8.083296014330497,15.691107003491469,11100.0,52592.0
11200.0,2.486895145,3.383567077258808E-8,11200.0,63.035714285714285,26.34475856892669,8.244680851063812,16.092419943250903,11200.0,52592.0
11300.0,2.503452355,3.406094135048074E-8,11300.0,62.982300884955755,26.266695244076356,8.086134915403216,16.523647974456214,11300.0,52592.0
11400.0,2.517010198,3.42454037766738E-8,11400.0,62.73684210526316,25.7938395978569,7.892454466608839,16.312056737588644,11400.0,52592.0
11500.0,2.530221389,3.4425149798571224E-8,11500.0,62.48695652173913,25.307138653804923,7.702182284980765,16.102683780630116,11500.0,52592.0
11600.0,2.542682543,3.4594691126052694E-8,11600.0,62.23275862068965,24.810868699627925,7.495777027027019,15.86326099481466,11600.0,52592.0
11700.0,2.555858482,3.477395752376151E-8,11700.0,62.02564102564102,24.407556652997613,7.321652065081332,15.772511848341212,11700.0,52592.0
11800.0,2.569080449,3.495385015947536E-8,11800.0,62.33898305084746,25.05169568123104,7.339449541284424,17.290154476084126,11800.0,52592.0
11900.0,2.582077574,3.5130683687569354E-8,11900.0,62.48739495798319,25.36062714068883,7.825727854635541,17.592763522244766,11900.0,52592.0
12000.0,2.594723574,3.530273995357254E-8,12000.0,62.65833333333334,25.711165142703884,8.382743815170725,17.960454046136967,12000.0,52592.0
12100.0,2.607344341,3.5474452909773415E-8,12100.0,62.85123966942149,26.10188549939634,8.971243418388022,18.376611585255127,12100.0,52592.0
12200.0,2.620236467,3.564985786473171E-8,12200.0,63.05737704918033,26.516600271709535,9.5887662988967,18.822046109510097,12200.0,52592.0
12300.0,2.63333625,3.5828088115279864E-8,12300.0,63.260162601626014,26.924528343560056,10.194753577106502,19.26031802751474,12300.0,52592.0
12400.0,2.649402193,3.60466747167665E-8,12400.0,63.41129032258065,27.23588987671072,10.618597320724978,19.5852534562212,12400.0,52592.0
12500.0,2.661660749,3.621345957932786E-8,12500.0,63.504000000000005,27.439451291850077,11.002731174405007,19.852424455375974,12500.0,52592.0
12600.0,2.674483059,3.638791464655349E-8,12600.0,63.56349206349206,27.572182537542112,11.302163833075747,20.045280390107987,12600.0,52592.0
12700.0,2.687093451,3.6559486444778734E-8,12700.0,63.64566929133858,27.73495607471821,11.687069625095628,20.314118053158435,12700.0,52592.0
12800.0,2.699297009,3.6725523027210594E-8,12800.0,63.71875,27.877477322,12.01212580522926,20.479452054794535,12800.0,52592.0
12900.0,2.711668126,3.68938393483642E-8,12900.0,63.7984496124031,28.029732848776778,12.415603900975231,20.753436280332586,12900.0,52592.0
13000.0,2.723739208,3.7058073516918545E-8,13000.0,63.87692307692308,28.181552630411804,12.79480037140203,21.022536158762193,13000.0,52592.0
13100.0,2.735733809,3.722126711649612E-8,13100.0,63.961832061068705,28.34544933801474,13.184994483265914,21.316666666666663,13100.0,52592.0
13200.0,2.747442686,3.738057327304448E-8,13200.0,63.68181818181819,27.838143641011804,12.246018671059854,20.338983050847464,13200.0,52592.0
13300.0,2.759315236,3.7542106296999576E-8,13300.0,63.29323308270677,27.140117248006785,10.798465192764487,19.02471388289933,13300.0,52592.0
13400.0,2.771799039,3.771195577744393E-8,13400.0,63.18656716417911,26.971112236030358,11.26101816873539,18.811718235681383,13400.0,52592.0
13500.0,2.784577782,3.788581809001663E-8,13500.0,63.10370370370371,26.845531129936195,11.778250088558288,18.717362924281993,13500.0,52592.0
13600.0,2.796929774,3.80538742042995E-8,13600.0,63.044117647058826,26.761447113299386,10.9969895519745,18.712599061944044,13600.0,52592.0
13700.0,2.808854686,3.821611964405409E-8,13700.0,62.58394160583942,25.945696055327254,9.226137772268483,17.09526120006471,13700.0,52592.0
13800.0,2.821071007,3.838232987460575E-8,13800.0,62.4927536231884,25.80543433686208,8.373163391750744,16.95812610300015,13800.0,52592.0
13900.0,2.833633076,3.855324421000148E-8,13900.0,62.690647482014384,26.184875422756527,8.212389380530967,17.98197058358373,13900.0,52592.0
13910.0,2.836157365,3.8587588646159384E-8,13910.0,62.71746944644141,26.23514804761133,8.212389380530983,18.11147955155534,13910.0,52592.0
