learning evaluation instances,evaluation time (cpu seconds),model cost (RAM-Hours),classified instances,classifications correct (percent),Kappa Statistic (percent),Kappa Temporal Statistic (percent),Kappa M Statistic (percent),model training instances,model serialized size (bytes)
100.0,0.41778419,5.781040204771691E-9,100.0,87.0,74.0,86.86868686868688,74.0,100.0,53488.0
200.0,0.500599172,6.92698289949033E-9,200.0,86.0,72.0,85.92964824120602,72.0,200.0,53488.0
300.0,0.549006093,7.596808046512306E-9,300.0,84.66666666666667,69.33333333333334,84.61538461538461,69.33333333333334,300.0,53488.0
400.0,0.608545182,8.420673275267084E-9,400.0,83.75,67.5,83.7092731829574,67.5,400.0,53488.0
500.0,0.649126436,8.9822116641038E-9,500.0,84.0,68.0,83.96793587174348,68.0,500.0,53488.0
600.0,0.687054214,9.507032886983619E-9,600.0,83.83333333333334,67.66666666666667,83.80634390651085,67.66666666666667,600.0,53488.0
700.0,0.72060939,9.971348737552761E-9,700.0,83.71428571428572,67.42857142857144,83.69098712446352,67.42857142857144,700.0,53488.0
800.0,0.753083017,1.0420698779453005E-8,800.0,83.75,67.5,83.729662077597,67.5,800.0,53488.0
900.0,0.783686401,1.0844169551063742E-8,900.0,81.77777777777779,63.555555555555564,81.7575083426029,63.555555555555564,900.0,53488.0
1000.0,0.821004243,1.136055085538576E-8,1000.0,78.60000000000001,57.2,78.57857857857859,57.2,1000.0,53488.0
1100.0,0.85335151,1.180815240546233E-8,1100.0,76.54545454545455,53.0909090909091,76.52411282984531,53.0909090909091,1100.0,53488.0
1200.0,0.886800866,1.227100398407214E-8,1200.0,74.66666666666667,49.33333333333334,74.64553794829024,49.33333333333334,1200.0,53488.0
1300.0,0.914118748,1.2649012003358865E-8,1300.0,72.76923076923076,45.538461538461526,72.74826789838336,45.538461538461526,1300.0,53488.0
1400.0,0.941950611,1.3034132175035772E-8,1400.0,72.35714285714285,44.71428571428571,72.337383845604,44.71428571428571,1400.0,53488.0
1500.0,0.968315917,1.339895903456128E-8,1500.0,72.33333333333334,44.66666666666668,72.3148765843896,44.66666666666668,1500.0,53488.0
1600.0,1.000281576,1.384128012826045E-8,1600.0,72.3125,44.625,72.29518449030644,44.625,1600.0,53488.0
1700.0,1.040379447,1.4396129760978119E-8,1700.0,72.82352941176471,45.64705882352942,72.80753384343733,45.64705882352942,1700.0,53488.0
1800.0,1.083814393,1.4997155781417254E-8,1800.0,73.27777777777777,46.55555555555555,73.26292384658143,46.55555555555555,1800.0,53488.0
1900.0,1.113258225,1.5404581386906403E-8,1900.0,73.57894736842105,47.15789473684211,73.56503422854134,47.15789473684211,1900.0,53488.0
2000.0,1.137852594,1.5744903111383316E-8,2000.0,74.2,48.4,74.18709354677338,48.4,2000.0,53488.0
2100.0,1.16316553,1.6095167923263375E-8,2100.0,74.80952380952381,49.61904761904763,74.79752262982373,49.61904761904763,2100.0,53488.0
2200.0,1.191894741,1.6492705043666063E-8,2200.0,75.36363636363636,50.727272727272734,75.35243292405639,50.727272727272734,2200.0,53488.0
2300.0,1.220868635,1.689362793666207E-8,2300.0,75.69565217391305,51.391304347826086,75.68508046976946,51.391304347826086,2300.0,53488.0
2400.0,1.258983715,1.7421040929212336E-8,2400.0,75.66666666666667,51.33333333333334,75.6565235514798,51.33333333333334,2400.0,53488.0
2500.0,1.281603874,1.773404475211269E-8,2500.0,75.92,51.839999999999996,75.91036414565826,51.839999999999996,2500.0,53488.0
2600.0,1.303432786,1.8036099786551458E-8,2600.0,76.26923076923077,52.53846153846153,76.26010003847632,52.53846153846153,2600.0,53488.0
2700.0,1.327492093,1.8369017652749185E-8,2700.0,76.33333333333333,52.666666666666664,76.3245646535754,52.666666666666664,2700.0,53488.0
2800.0,1.352281915,1.871204393541233E-8,2800.0,76.25,52.49999999999999,76.24151482672382,52.49999999999999,2800.0,53488.0
2900.0,1.376054062,1.904098825846281E-8,2900.0,76.27586206896552,52.55172413793103,76.26767850983097,52.55172413793103,2900.0,53488.0
3000.0,1.397114013,1.9332402884376542E-8,3000.0,76.26666666666667,52.533333333333346,76.25875291763921,52.533333333333346,3000.0,53488.0
3100.0,1.416448039,1.9599935223563675E-8,3100.0,76.29032258064517,52.58064516129033,76.28267182962246,52.58064516129033,3100.0,53488.0
3200.0,1.445443574,2.0001157571383646E-8,3200.0,76.25,52.49999999999999,76.24257580493904,52.49999999999999,3200.0,53488.0
3300.0,1.477221495,2.044088086231301E-8,3300.0,76.36363636363637,52.727272727272734,76.3564716580782,52.727272727272734,3300.0,53488.0
3400.0,1.507944067,2.0866000884030426E-8,3400.0,76.73529411764706,53.470588235294116,76.72844954398353,53.470588235294116,3400.0,53488.0
3500.0,1.539521895,2.130295541131248E-8,3500.0,77.2,54.400000000000006,77.1934838525293,54.400000000000006,3500.0,53488.0
3600.0,1.567817223,2.1694488726096848E-8,3600.0,77.58333333333334,55.16666666666667,77.57710475131981,55.16666666666667,3600.0,53488.0
3700.0,1.598183885,2.211468388452712E-8,3700.0,76.83783783783784,53.49410906804009,76.2010552624271,52.808370044052865,3700.0,53488.0
3800.0,1.626704674,2.2509336989712383E-8,3800.0,76.10526315789473,52.2938337042461,74.7847820049986,51.80467091295115,3800.0,53488.0
3900.0,1.646647171,2.2785288975689974E-8,3900.0,75.6923076923077,51.53436495624695,73.69589345172031,50.59927045336112,3900.0,53488.0
4000.0,1.664633621,2.303417438849393E-8,4000.0,75.64999999999999,51.53665861183375,72.98946200776483,50.025654181631594,4000.0,53488.0
4100.0,1.682622225,2.3283089607022703E-8,4100.0,75.60975609756098,51.22423598713938,72.26844148641153,51.19570522205954,4100.0,53488.0
4200.0,1.703030456,2.3565486133131718E-8,4200.0,75.19047619047619,50.54164157811084,71.11172719711672,49.49103247697526,4200.0,53488.0
4300.0,1.72583461,2.388103596547412E-8,4300.0,74.79069767441861,49.78787066617142,69.95565410199556,48.405521180390295,4300.0,53488.0
4400.0,1.744818671,2.4143725704621112E-8,4400.0,74.43181818181817,49.07556198975255,68.82793017456358,47.552447552447546,4400.0,53488.0
4500.0,1.762503537,2.4388437983853124E-8,4500.0,74.42222222222222,49.208597480660146,68.1075090052646,46.34032634032634,4500.0,53488.0
4600.0,1.781045267,2.4645007019163008E-8,4600.0,74.56521739130434,49.52510268012139,67.63485477178423,45.983379501385045,4600.0,53488.0
4700.0,1.799022204,2.4893760796934367E-8,4700.0,73.38297872340426,47.174803898914014,65.40376106194692,43.3167195287721,4700.0,53488.0
4800.0,1.821269786,2.52016091288709E-8,4800.0,73.04166666666667,46.40727160275668,64.22449543820846,43.020695728753864,4800.0,53488.0
4900.0,1.839295598,2.5451039208778077E-8,4900.0,73.48979591836735,47.33411375255548,64.08625933093724,42.80052840158521,4900.0,53488.0
5000.0,1.85821036,2.571277003106144E-8,5000.0,74.02,48.373351206195636,64.08625933093724,42.800528401585204,5000.0,53488.0
5100.0,1.877591635,2.5980956172798244E-8,5100.0,74.52941176470588,49.33392027845426,64.08625933093724,42.8005284015852,5100.0,53488.0
5200.0,1.893545396,2.6201714487655297E-8,5200.0,74.63461538461539,49.50687710032192,63.533314901852364,41.91985909291062,5200.0,53488.0
5300.0,1.910399932,2.6434937171952593E-8,5300.0,73.37735849056604,47.108526855455764,61.00055279159756,38.16827344434705,5300.0,53488.0
5400.0,1.931871075,2.6732041619407637E-8,5400.0,72.01851851851852,44.22620888328556,58.236594803758976,36.56591099916036,5400.0,53488.0
5500.0,1.949221605,2.697212756307175E-8,5500.0,70.7090909090909,41.47603638373491,55.472636815920396,35.09266720386785,5500.0,53488.0
5600.0,1.977597633,2.7364777554733063E-8,5600.0,69.875,39.753335083236465,53.37202874516307,34.663051897753675,5600.0,53488.0
5700.0,1.999873589,2.7673018508599042E-8,5700.0,69.54385964912281,39.00914640911356,52.03094777562862,34.017483846446225,5700.0,53488.0
5800.0,2.017054951,2.79107636097115E-8,5800.0,70.06896551724138,39.950399201501575,52.03094777562862,34.01748384644622,5800.0,53488.0
5900.0,2.033096529,2.8132737082106374E-8,5900.0,70.57627118644068,40.832558868207215,52.03094777562862,34.01748384644622,5900.0,53488.0
6000.0,2.04903268,2.8353251720633774E-8,6000.0,71.06666666666666,41.661020959017534,52.03094777562863,34.01748384644622,6000.0,53488.0
6100.0,2.064659112,2.8569480658471588E-8,6100.0,71.54098360655738,42.440543564424885,52.03094777562861,34.017483846446204,6100.0,53488.0
6200.0,2.083360923,2.8828264796026056E-8,6200.0,70.85483870967741,40.98313746734776,50.08287292817679,33.123612139156165,6200.0,53488.0
6300.0,2.102686273,2.909567708207088E-8,6300.0,69.74603174603175,38.74878329531934,47.348066298342545,31.977159172019988,6300.0,53488.0
6400.0,2.119406991,2.9327048075335726E-8,6400.0,69.890625,38.913681100568134,46.782656724661685,31.859971711456854,6400.0,53488.0
6500.0,2.135886114,2.9555076025848593E-8,6500.0,70.07692307692308,39.1250728524934,46.28555647611158,31.223479490806227,6500.0,53488.0
6600.0,2.151773198,2.9774911705462476E-8,6600.0,69.48484848484848,37.994259557025885,44.39536167863058,29.972183588317108,6600.0,53488.0
6700.0,2.167183779,2.998815383015822E-8,6700.0,69.94029850746269,38.70513936906329,44.41070935688656,29.9721835883171,6700.0,53488.0
6800.0,2.183011326,3.020716567344964E-8,6800.0,70.32352941176471,39.27054374424731,44.300303615788025,29.83310152990265,6800.0,53488.0
6900.0,2.201751758,3.04664842246059E-8,6900.0,70.2463768115942,39.012997059336115,43.34988962472405,29.231299551878653,6900.0,53488.0
7000.0,2.2202943,3.0723064495871474E-8,7000.0,69.94285714285714,38.33058274668248,41.9746276889134,28.870858688302903,7000.0,53488.0
7100.0,2.23917753,3.098435899776718E-8,7100.0,69.80281690140845,37.92009986028923,40.9529055356651,28.48565710473648,7100.0,53488.0
7200.0,2.258059423,3.124563499908068E-8,7200.0,69.58333333333333,37.366907657896526,39.719240297274965,28.05519053876478,7200.0,53488.0
7300.0,2.277535993,3.1515139774311763E-8,7300.0,69.3972602739726,36.87809253106069,38.52504127682994,27.65544041450777,7300.0,53488.0
7400.0,2.301680246,3.184923307091827E-8,7400.0,68.45945945945945,35.04973180318108,35.77325261419922,26.78795483061481,7400.0,53488.0
7500.0,2.325423503,3.2177777631949236E-8,7500.0,67.54666666666667,33.29810489155268,33.02146395156853,25.97323600973236,7500.0,53488.0
7600.0,2.34799089,3.24900512284289E-8,7600.0,67.71052631578948,33.45008281629498,32.48968363136176,25.81620314389359,7600.0,53488.0
7700.0,2.367527232,3.2760383091767645E-8,7700.0,68.12987012987013,34.04256938187083,32.48968363136176,25.816203143893603,7700.0,53488.0
7800.0,2.385412777,3.300787224335391E-8,7800.0,68.15384615384616,33.94004443274603,31.701952158372283,25.561881929877135,7800.0,53488.0
7900.0,2.402691033,3.324695810393743E-8,7900.0,68.41772151898734,34.23964002003921,31.41836173721825,25.254643499101263,7900.0,53488.0
8000.0,2.420872966,3.349854849004913E-8,8000.0,67.575,32.654088982667176,28.69708631115997,24.549156486329245,8000.0,53488.0
8100.0,2.439101013,3.375077697327983E-8,8100.0,67.0,31.6888271843087,26.525563496426606,24.448841153193907,8100.0,53488.0
8200.0,2.459352999,3.403101147734872E-8,8200.0,66.97560975609757,31.701122962523165,25.58395163506458,24.694104560622915,8200.0,53488.0
8300.0,2.480950612,3.432986593873966E-8,8300.0,66.16867469879519,29.974208140146768,22.835943940643034,21.91323692992214,8300.0,53488.0
8400.0,2.500893028,3.460581680388916E-8,8400.0,65.38095238095238,28.308785008942923,20.08793624622149,19.132369299221363,8400.0,53488.0
8500.0,2.519829757,3.486785159198362E-8,8500.0,64.61176470588235,26.7035392661536,17.33992855179995,16.35150166852058,8500.0,53488.0
8600.0,2.538142346,3.5121249915320026E-8,8600.0,64.3953488372093,26.131010551406362,15.856004396812299,14.849833147942146,8600.0,53488.0
8700.0,2.559684868,3.5419342061397115E-8,8700.0,64.06896551724138,25.366978209765772,14.097279472382526,13.070077864293667,8700.0,53488.0
8800.0,2.57763971,3.566779010217224E-8,8800.0,63.375,23.955449171307865,11.431712008793642,10.372636262513923,8800.0,53488.0
8900.0,2.596010451,3.5921993097054474E-8,8900.0,62.662921348314605,22.536296598655422,8.68370431437207,7.5917686318131175,8900.0,53488.0
9000.0,2.612591565,3.61514323361839E-8,9000.0,62.144444444444446,21.48078587738864,6.375377851057985,5.255839822024477,9000.0,53488.0
9100.0,2.629451958,3.638473606603842E-8,9100.0,62.45054945054945,22.04624232939658,6.126373626373638,5.633802816901405,9100.0,53488.0
9200.0,2.647110588,3.6629085307667666E-8,9200.0,62.858695652173914,23.275604793656573,6.126373626373637,8.1698468153722,9200.0,53488.0
9300.0,2.666118894,3.689211053418618E-8,9300.0,63.25806451612903,24.441566489880746,6.126373626373615,10.573148390473701,9300.0,53488.0
9400.0,2.684067392,3.714047079059814E-8,9400.0,63.62765957446809,25.499957857194588,6.071428571428578,12.802856414180058,9400.0,53488.0
9500.0,2.702199391,3.7391370220784524E-8,9500.0,64.01052631578948,26.55414730225415,6.071428571428579,14.971400149216624,9500.0,53488.0
9600.0,2.721440034,3.7657610383555306E-8,9600.0,64.0625,26.73882479519165,6.096897114861183,15.627292736610412,9600.0,53488.0
9700.0,2.739102514,3.7902012899112386E-8,9700.0,63.96907216494845,26.534483707629715,6.224845720418556,15.559313843923645,9700.0,53488.0
9800.0,2.756553095,3.8143483286868385E-8,9800.0,63.88775510204082,26.35748852668095,6.400423168473967,15.55714626580769,9800.0,53488.0
9900.0,2.775181814,3.840125602236226E-8,9900.0,63.8080808080808,26.189118096495466,6.571056062581471,15.555031817110528,9900.0,53488.0
10000.0,2.793990449,3.8661518324609446E-8,10000.0,63.71,25.983880027395557,6.709511568123397,15.526070763500927,10000.0,53488.0
10100.0,2.812302421,3.8914908110280016E-8,10100.0,63.603960396039604,25.752780091195817,6.818757921419524,15.455381784728623,10100.0,53488.0
10200.0,2.831575008,3.91815902944406E-8,10200.0,63.725490196078425,26.06612008358798,7.407407407407388,15.870850386539322,10200.0,53488.0
10300.0,2.850816218,3.944783830300802E-8,10300.0,63.844660194174764,26.372011643899395,7.981220657277017,16.239316239316253,10300.0,53488.0
10400.0,2.869674398,3.970878617843821E-8,10400.0,63.99038461538461,26.735042778774208,8.613958028306483,16.703736654804253,10400.0,53488.0
10500.0,2.887854352,3.9960349180367266E-8,10500.0,64.04761904761904,26.925165839084357,9.014220294046742,16.923415492957737,10500.0,53488.0
10600.0,2.906181594,4.021395026288927E-8,10600.0,64.11320754716982,27.134640916415297,9.428571428571443,17.196343056160217,10600.0,53488.0
10700.0,2.923300477,4.0450830818095974E-8,10700.0,64.23364485981308,27.434855483208597,9.974123735591633,17.55708746230074,10700.0,53488.0
10800.0,2.94017793,4.068437061371903E-8,10800.0,64.19444444444444,27.455381957568665,10.174216027874566,17.63578274760383,10800.0,53488.0
10900.0,2.957038859,4.0917681760411305E-8,10900.0,64.08256880733944,27.335644734195586,10.144594904750958,17.526859068885603,10900.0,53488.0
11000.0,2.973415296,4.114428880532583E-8,11000.0,64.04545454545455,27.37150039311711,10.337791883926563,17.72415227792804,11000.0,53488.0
11100.0,2.990534959,4.138118015369194E-8,11100.0,64.02702702702703,27.44055247092042,10.59113300492611,17.99137399876771,11100.0,53488.0
11200.0,3.006794053,4.1606163478473E-8,11200.0,64.03571428571428,27.559901222134425,10.726950354609913,18.362383461694357,11200.0,53488.0
11300.0,3.024045069,4.1844872408720364E-8,11300.0,63.964601769911496,27.488645241503008,10.5251593056471,18.738774695669523,11300.0,53488.0
11400.0,3.041540602,4.208696481455532E-8,11400.0,63.68421052631579,26.966498519599973,10.23417172593234,18.439716312056724,11400.0,53488.0
11500.0,3.058880394,4.232690217239162E-8,11500.0,63.4,26.432627068719956,9.94865211810014,18.144690781796974,11500.0,53488.0
11600.0,3.075987706,4.256362261522976E-8,11600.0,63.12068965517241,25.90758460947489,9.6706081081081,17.84136739005184,11600.0,53488.0
11700.0,3.094804707,4.282400068103026E-8,11700.0,62.88034188034188,25.461886606061494,9.407592824363787,17.66824644549763,11700.0,53488.0
11800.0,3.113915554,4.3088444806726445E-8,11800.0,63.186440677966104,26.16088822664093,9.424520433694761,19.151312116136236,11800.0,53488.0
11900.0,3.13058128,4.3319054854578445E-8,11900.0,63.218487394957975,26.256344755081734,9.622135040264283,19.198818534244026,11900.0,53488.0
12000.0,3.147221024,4.3549305379523174E-8,12000.0,63.275000000000006,26.398491294329386,9.895726845225926,19.31526913218603,12000.0,53488.0
12100.0,3.163949904,4.378078931351503E-8,12100.0,63.37190082644628,26.615576143373428,10.247063588497378,19.52061013255856,12100.0,53488.0
12200.0,3.180429378,4.4008822120949625E-8,12200.0,63.49180327868853,26.875035342046296,10.651955867602828,19.776657060518747,12200.0,53488.0
12300.0,3.196877919,4.423642689658949E-8,12300.0,63.60162601626016,27.114963293231355,11.029411764705866,20.010720028586743,12300.0,53488.0
12400.0,3.214546376,4.448091211818986E-8,12400.0,63.7016129032258,27.33583943819699,11.327817178880986,20.22332506203472,12400.0,53488.0
12500.0,3.231270329,4.471232787539147E-8,12500.0,63.792,27.5437064175234,11.705033164260643,20.48489107519326,12500.0,53488.0
12600.0,3.24960675,4.4966055971259866E-8,12600.0,63.88095238095238,27.74770916190588,12.074961360123657,20.741901776384545,12600.0,53488.0
12700.0,3.266886681,4.5205165009461335E-8,12700.0,64.03937007874015,28.082699644287658,12.643458301453697,21.17707973765964,12700.0,53488.0
12800.0,3.283400655,4.543367520663886E-8,12800.0,64.1953125,28.406258164721066,13.167866616142485,21.523972602739736,12800.0,53488.0
12900.0,3.301030801,4.5677630304226436E-8,12900.0,64.37209302325581,28.774646751637402,13.803450862715685,22.009163414220264,12900.0,53488.0
13000.0,3.321498523,4.5960850030138255E-8,13000.0,64.53846153846153,29.122380375360198,14.391829155060329,22.46888664648502,13000.0,53488.0
13100.0,3.340962387,4.62301789875701E-8,13100.0,64.70992366412214,29.479406635510024,14.987127620448703,22.95,13100.0,53488.0
13200.0,3.357961021,4.6465395611205855E-8,13200.0,64.45454545454545,29.006622055012894,14.113124656781975,22.033898305084744,13200.0,53488.0
13300.0,3.375291108,4.670519867723186E-8,13300.0,64.06015037593986,28.273153666086447,12.66215969303856,20.716536739094387,13300.0,53488.0
13400.0,3.393248562,4.6953682861253614E-8,13400.0,63.94776119402985,28.09510692086567,13.095880554056482,20.49045424621462,13400.0,53488.0
13500.0,3.410547291,4.7193052014596754E-8,13500.0,63.85925925925926,27.963974605049458,13.58483882394617,20.38185378590079,13500.0,53488.0
13600.0,3.428306355,4.7438791000035895E-8,13600.0,63.794117647058826,27.876479812513992,12.803258367274648,20.362283681060966,13600.0,53488.0
13700.0,3.444529632,4.766327871123949E-8,13700.0,63.32846715328467,27.019484430269163,11.032406587568634,18.744945819181634,13700.0,53488.0
13800.0,3.460598743,4.788563316832399E-8,13800.0,63.23188405797101,26.872947840689765,10.178792706673738,18.594577250120317,13800.0,53488.0
13900.0,3.477611519,4.812104548024219E-8,13900.0,63.42446043165467,27.27306408256181,10.017699115044245,19.59512889451209,13900.0,53488.0
13910.0,3.480779177,4.8164877579903424E-8,13910.0,63.450754852624016,27.326019462093814,10.017699115044262,19.722090636349282,13910.0,53488.0
