learning evaluation instances,evaluation time (cpu seconds),model cost (RAM-Hours),classified instances,classifications correct (percent),Kappa Statistic (percent),Kappa Temporal Statistic (percent),Kappa M Statistic (percent),model training instances,model serialized size (bytes)
100.0,5.403259148,2.5433238718968176E-5,100.0,52.0,4.0000000000000036,51.515151515151516,4.0000000000000036,100.0,1.819484E7
200.0,10.77146055,5.072704646120481E-5,200.0,56.00000000000001,12.00000000000001,55.77889447236182,12.00000000000001,200.0,1.8213264E7
300.0,15.919867509,7.499904992951474E-5,300.0,60.0,19.999999999999996,59.86622073578596,19.999999999999996,300.0,1.822364E7
400.0,21.111363461,9.94904190747659E-5,400.0,63.74999999999999,27.499999999999993,63.65914786967418,27.499999999999993,400.0,1.823572E7
500.0,26.316299254,1.240638493202685E-4,500.0,66.4,32.800000000000004,66.33266533066133,32.800000000000004,500.0,1.8249576E7
600.0,31.381494238,1.479887131135737E-4,600.0,67.66666666666666,35.33333333333333,67.6126878130217,35.33333333333333,600.0,1.8258104E7
700.0,36.58183714,1.7256124219681044E-4,700.0,69.14285714285714,38.28571428571428,69.09871244635193,38.28571428571428,700.0,1.8265024E7
800.0,41.804308658,1.9725751786915337E-4,800.0,70.125,40.25000000000001,70.08760951188987,40.25000000000001,800.0,1.8279224E7
900.0,46.95057204,2.2160246995120092E-4,900.0,70.55555555555556,41.11111111111112,70.52280311457176,41.11111111111112,900.0,1.8286024E7
1000.0,52.108057322,2.4601479019728203E-4,1000.0,71.1,42.199999999999996,71.07107107107107,42.199999999999996,1000.0,1.8296728E7
1100.0,57.311215022,2.706507146849796E-4,1100.0,72.0909090909091,44.18181818181819,72.06551410373066,44.18181818181819,1100.0,1.830224E7
1200.0,62.513035423,2.9528757418507826E-4,1200.0,72.08333333333333,44.166666666666664,72.06005004170142,44.166666666666664,1200.0,1.830764E7
1300.0,67.595928518,3.1936996460344894E-4,1300.0,72.07692307692307,44.153846153846146,72.0554272517321,44.153846153846146,1300.0,1.8314328E7
1400.0,72.80938839,3.4407608560734594E-4,1400.0,72.57142857142857,45.14285714285715,72.5518227305218,45.14285714285715,1400.0,1.831812E7
1500.0,78.01007066,3.68727456147835E-4,1500.0,73.13333333333333,46.26666666666666,73.11541027351566,46.26666666666666,1500.0,1.8322432E7
1600.0,83.110876322,3.9290968438935307E-4,1600.0,73.625,47.24999999999999,73.60850531582238,47.24999999999999,1600.0,1.8325672E7
1700.0,88.334536665,4.176795500720704E-4,1700.0,74.1764705882353,48.3529411764706,74.16127133608005,48.3529411764706,1700.0,1.832952E7
1800.0,93.570259676,4.4251115547154225E-4,1800.0,74.27777777777777,48.55555555555555,74.26347971095053,48.55555555555555,1800.0,1.8332872E7
1900.0,98.801159036,4.6732484187256073E-4,1900.0,74.57894736842105,49.15789473684211,74.565560821485,49.15789473684211,1900.0,1.8336536E7
2000.0,103.898976366,4.9151199919129E-4,2000.0,75.0,50.0,74.98749374687344,50.0,2000.0,1.8340152E7
2100.0,109.137616529,5.163717945482211E-4,2100.0,75.38095238095238,50.761904761904766,75.3692234397332,50.761904761904766,2100.0,1.8343464E7
2200.0,114.396819029,5.413340331626686E-4,2200.0,75.81818181818181,51.63636363636363,75.80718508412915,51.63636363636363,2200.0,1.834704E7
2300.0,119.542077086,5.657596316639565E-4,2300.0,76.26086956521739,52.52173913043479,76.25054371465855,52.52173913043479,2300.0,1.8350184E7
2400.0,124.807008336,5.907582249887647E-4,2400.0,76.41666666666667,52.83333333333333,76.40683618174239,52.83333333333333,2400.0,1.8353768E7
2500.0,130.096625155,6.158777289044634E-4,2500.0,76.64,53.279999999999994,76.63065226090437,53.279999999999994,2500.0,1.8356472E7
2600.0,135.411295551,6.411196838292515E-4,2600.0,76.92307692307693,53.846153846153854,76.91419776837245,53.846153846153854,2600.0,1.8359E7
2700.0,140.563602287,6.655939922980407E-4,2700.0,77.0,54.0,76.99147832530568,54.0,2700.0,1.8361624E7
2800.0,145.876733021,6.908362988908319E-4,2800.0,77.25,54.49999999999999,77.24187209717755,54.49999999999999,2800.0,1.8364576E7
2900.0,151.172644049,7.160010485376952E-4,2900.0,77.48275862068965,54.9655172413793,77.47499137633666,54.9655172413793,2900.0,1.836768E7
3000.0,156.368351856,7.406927777269515E-4,3000.0,77.43333333333334,54.86666666666666,77.42580860286762,54.86666666666666,3000.0,1.837E7
3100.0,161.660535128,7.658588827842872E-4,3100.0,77.16129032258064,54.32258064516129,76.91555265731985,53.84615384615385,3100.0,1.8381608E7
3200.0,166.950779964,7.910246493415188E-4,3200.0,77.0,54.0,76.50813916374084,53.031269942565416,3200.0,1.8388096E7
3300.0,172.261899551,8.162936304976186E-4,3300.0,77.0909090909091,54.18181818181817,76.375,52.75,3300.0,1.8390944E7
3400.0,177.464557291,8.410502920318424E-4,3400.0,77.17647058823529,54.35294117647058,76.24732170186715,52.50917992656058,3400.0,1.8393704E7
3500.0,182.73070279,8.661133410518261E-4,3500.0,77.37142857142857,54.74285714285714,76.23762376237624,52.48950209958008,3500.0,1.8396848E7
3600.0,187.966077615,8.910331836015119E-4,3600.0,77.69444444444444,55.388888888888886,76.38235294117646,52.764705882352935,3600.0,1.839924E7
3700.0,193.09871556,9.154690018231997E-4,3700.0,77.72972972972974,55.45945945945947,76.23305451398905,52.479815455594014,3700.0,1.8403E7
3800.0,198.357516428,9.405103955178098E-4,3800.0,77.84210526315789,55.68421052631578,76.16756297763939,52.348613469156746,3800.0,1.8406624E7
3900.0,203.617809059,9.655635086738578E-4,3900.0,77.97435897435896,55.94871794871794,76.13888888888887,52.277777777777764,3900.0,1.8410016E7
4000.0,208.811605946,9.903027183626296E-4,4000.0,78.075,56.15000000000001,76.08399236433053,52.181025081788455,4000.0,1.8412096E7
4100.0,214.04700538,0.0010152426256750471,4100.0,78.14634146341464,56.29268292682927,75.99785695151353,52.00856989823246,4100.0,1.8413968E7
4200.0,219.311921476,0.0010403262689459584,4200.0,78.28571428571428,56.57142857142856,75.99999999999999,51.99999999999998,4200.0,1.8416264E7
4300.0,224.568360661,0.001065371951626858,4300.0,78.3953488372093,56.7906976744186,75.97620894750452,51.964839710444664,4300.0,1.8418048E7
4400.0,229.706429457,0.0010898560095198289,4400.0,78.25,56.49999999999999,75.66742944317315,51.34722928317233,4400.0,1.841984E7
4500.0,234.983160264,0.0011150034660245575,4500.0,78.44444444444446,56.8888888888889,75.75,51.500000000000014,4500.0,1.8421776E7
4600.0,240.261130281,0.0011401640595011956,4600.0,78.39130434782608,56.78260869565217,75.54735547355473,51.51219512195121,4600.0,1.8427072E7
4700.0,245.396634101,0.0011646498923968747,4700.0,78.40425531914894,56.80378623574222,75.43562439496613,51.64363982848976,4700.0,1.8430376E7
4800.0,250.667276685,0.001189784379986809,4800.0,78.375,56.74541170947125,75.27393997141495,51.69846440204746,4800.0,1.8433544E7
4900.0,255.942032034,0.0012149419082437196,4900.0,78.3061224489796,56.61224489795917,75.07620164126611,51.68181818181817,4900.0,1.8436056E7
5000.0,261.222950898,0.0012401318712764475,5000.0,78.36,56.71565771478194,75.02308402585409,51.88972876834147,5000.0,1.843828E7
5100.0,266.386869898,0.0012647676035066066,5100.0,78.41176470588235,56.819319253888025,74.96589358799454,52.1096128751631,5100.0,1.8441168E7
5200.0,271.679323117,0.0012900193873631117,5200.0,78.51923076923077,57.03846153846155,74.98320268757,52.468085106382986,5200.0,1.8443248E7
5300.0,276.956950418,0.0013152051839264497,5300.0,78.64150943396227,57.2791072219215,75.02206531332745,52.813672363484784,5300.0,1.8446728E7
5400.0,282.138711184,0.0013399367373964335,5400.0,78.74074074074075,57.47774255596412,75.03262287951283,53.12372396896694,5400.0,1.8449152E7
5500.0,287.420957785,0.0013651502518939006,5500.0,78.78181818181818,57.56363636363637,74.983922829582,53.320000000000014,5500.0,1.845088E7
5600.0,292.718486,0.001390439220153801,5600.0,78.82142857142857,57.63938292388011,74.93660185967879,53.471949784229125,5600.0,1.8452712E7
5700.0,297.996423273,0.0014156372444370435,5700.0,79.03508771929825,58.06684040368123,75.09378907878282,54.020777222008476,5700.0,1.84546E7
5800.0,303.176621057,0.0014403725307822759,5800.0,79.01724137931035,58.03448275862068,74.98458376156218,54.0754716981132,5800.0,1.8457504E7
5900.0,308.464230453,0.0014656243155751476,5900.0,79.03389830508475,58.06466441044146,74.91889699918897,54.16821044831419,5900.0,1.8460144E7
5995.0,313.515392314,0.0014897510070511146,5995.0,79.115929941618,58.23033855744873,74.93493493493494,54.42300691663633,5995.0,1.846328E7
