learning evaluation instances,evaluation time (cpu seconds),model cost (RAM-Hours),classified instances,classifications correct (percent),Kappa Statistic (percent),Kappa Temporal Statistic (percent),Kappa M Statistic (percent),model training instances,model serialized size (bytes)
100.0,5.354312622,2.5202846534154506E-5,100.0,52.0,4.0000000000000036,51.515151515151516,4.0000000000000036,100.0,1.819484E7
200.0,10.666948147,5.023483984272567E-5,200.0,56.00000000000001,12.00000000000001,55.77889447236182,12.00000000000001,200.0,1.8213264E7
300.0,15.793640855,7.440447215433005E-5,300.0,60.0,19.999999999999996,59.86622073578596,19.999999999999996,300.0,1.822364E7
400.0,20.860909446,9.830978707083442E-5,400.0,63.74999999999999,27.499999999999993,63.65914786967418,27.499999999999993,400.0,1.823572E7
500.0,26.008798418,1.2261388909936717E-4,500.0,66.4,32.800000000000004,66.33266533066133,32.800000000000004,500.0,1.8249576E7
600.0,31.150360457,1.4689946386134037E-4,600.0,67.66666666666666,35.33333333333333,67.6126878130217,35.33333333333333,600.0,1.8258104E7
700.0,36.176718612,1.7064988460744173E-4,700.0,69.14285714285714,38.28571428571428,69.09871244635193,38.28571428571428,700.0,1.8265024E7
800.0,41.372454235,1.9521973028758824E-4,800.0,70.125,40.25000000000001,70.08760951188987,40.25000000000001,800.0,1.8279224E7
900.0,46.559202748,2.1975620163343362E-4,900.0,70.55555555555556,41.11111111111112,70.52280311457176,41.11111111111112,900.0,1.8286024E7
1000.0,51.735760181,2.442586689919355E-4,1000.0,71.1,42.199999999999996,71.07107107107107,42.199999999999996,1000.0,1.8296632E7
1100.0,56.786952608,2.681750679133831E-4,1100.0,72.0909090909091,44.18181818181819,72.06551410373066,44.18181818181819,1100.0,1.830224E7
1200.0,61.944774302,2.9260354075669973E-4,1200.0,72.08333333333333,44.166666666666664,72.06005004170142,44.166666666666664,1200.0,1.830764E7
1300.0,67.110194198,3.170769373608224E-4,1300.0,72.07692307692307,44.153846153846146,72.0554272517321,44.153846153846146,1300.0,1.8314328E7
1400.0,72.148837337,3.4095461747037195E-4,1400.0,72.57142857142857,45.14285714285715,72.5518227305218,45.14285714285715,1400.0,1.831812E7
1500.0,77.312048037,3.6542837178497997E-4,1500.0,73.13333333333333,46.26666666666666,73.11541027351566,46.26666666666666,1500.0,1.8322432E7
1600.0,82.465142476,3.898584940306362E-4,1600.0,73.625,47.24999999999999,73.60850531582238,47.24999999999999,1600.0,1.8325672E7
1700.0,87.632475377,4.1436126287302E-4,1700.0,74.1764705882353,48.3529411764706,74.16127133608005,48.3529411764706,1700.0,1.832952E7
1800.0,92.699418551,4.383923915660339E-4,1800.0,74.27777777777777,48.55555555555555,74.26347971095053,48.55555555555555,1800.0,1.8332872E7
1900.0,97.912771453,4.6312284327330356E-4,1900.0,74.57894736842105,49.15789473684211,74.565560821485,49.15789473684211,1900.0,1.8336536E7
2000.0,103.09051144,4.8768920246472714E-4,2000.0,75.0,50.0,74.98749374687344,50.0,2000.0,1.8340152E7
2100.0,108.094912665,5.114374246114132E-4,2100.0,75.38095238095238,50.761904761904766,75.3692234397332,50.761904761904766,2100.0,1.8343464E7
2200.0,113.283593799,5.360649411524077E-4,2200.0,75.81818181818181,51.63636363636363,75.80718508412915,51.63636363636363,2200.0,1.834704E7
2300.0,118.462560482,5.606505614360017E-4,2300.0,76.26086956521739,52.52173913043479,76.25054371465855,52.52173913043479,2300.0,1.8350184E7
2400.0,123.640411296,5.852356852770232E-4,2400.0,76.41666666666667,52.83333333333333,76.40683618174239,52.83333333333333,2400.0,1.8353768E7
2500.0,128.730580969,6.094080481168453E-4,2500.0,76.64,53.279999999999994,76.63065226090437,53.279999999999994,2500.0,1.8356472E7
2600.0,133.951235406,6.34203475520176E-4,2600.0,76.92307692307693,53.846153846153854,76.91419776837245,53.846153846153854,2600.0,1.8359E7
2700.0,139.158165536,6.589372541375547E-4,2700.0,77.0,54.0,76.99147832530568,54.0,2700.0,1.8361624E7
2800.0,144.329589532,6.835063220870784E-4,2800.0,77.25,54.49999999999999,77.24187209717755,54.49999999999999,2800.0,1.8364576E7
2900.0,149.571033511,7.084122589168756E-4,2900.0,77.48275862068965,54.9655172413793,77.47499137633666,54.9655172413793,2900.0,1.836768E7
3000.0,154.811369769,7.333160773280746E-4,3000.0,77.43333333333334,54.86666666666666,77.42580860286762,54.86666666666666,3000.0,1.837E7
3100.0,160.088924704,7.584126197404989E-4,3100.0,77.16129032258064,54.32258064516129,76.91555265731985,53.84615384615385,3100.0,1.8381608E7
3200.0,165.238906832,7.829111546901889E-4,3200.0,77.0,54.0,76.50813916374084,53.031269942565416,3200.0,1.8388096E7
3300.0,170.50187351,8.079510363258955E-4,3300.0,77.0909090909091,54.18181818181817,76.375,52.75,3300.0,1.8390944E7
3400.0,175.752640562,8.329366243075908E-4,3400.0,77.17647058823529,54.35294117647058,76.24732170186715,52.50917992656058,3400.0,1.8393704E7
3500.0,180.84102606,8.57153664112732E-4,3500.0,77.37142857142857,54.74285714285714,76.23762376237624,52.48950209958008,3500.0,1.8396848E7
3600.0,186.062738188,8.820084736381503E-4,3600.0,77.69444444444444,55.388888888888886,76.38235294117646,52.764705882352935,3600.0,1.839924E7
3700.0,191.24687496,9.066894710422949E-4,3700.0,77.72972972972974,55.45945945945947,76.23305451398905,52.479815455594014,3700.0,1.8403E7
3800.0,196.453465304,9.314822483090722E-4,3800.0,77.84210526315789,55.68421052631578,76.16756297763939,52.348613469156746,3800.0,1.8406624E7
3900.0,201.572249954,9.558614036249072E-4,3900.0,77.97435897435896,55.94871794871794,76.13888888888887,52.277777777777764,3900.0,1.8410016E7
4000.0,206.782620859,9.806795590475243E-4,4000.0,78.075,56.15000000000001,76.08399236433053,52.181025081788455,4000.0,1.8412096E7
4100.0,212.030587513,0.0010056793329099398,4100.0,78.14634146341464,56.29268292682927,75.99785695151353,52.00856989823246,4100.0,1.8413968E7
4200.0,217.136036561,0.0010300032272176083,4200.0,78.28571428571428,56.57142857142856,75.99999999999999,51.99999999999998,4200.0,1.8416264E7
4300.0,222.168762794,0.0010539829708834823,4300.0,78.3953488372093,56.7906976744186,75.97620894750452,51.964839710444664,4300.0,1.8418048E7
4400.0,227.881419452,0.0010812050696700976,4400.0,78.25,56.49999999999999,75.66742944317315,51.34722928317233,4400.0,1.841984E7
4500.0,233.227199334,0.001106681595190049,4500.0,78.44444444444446,56.8888888888889,75.75,51.500000000000014,4500.0,1.8421776E7
4600.0,238.521986888,0.0011319223594919044,4600.0,78.39130434782608,56.78260869565217,75.54735547355473,51.51219512195121,4600.0,1.8427072E7
4700.0,244.024134229,0.0011581563308959274,4700.0,78.40425531914894,56.80378623574222,75.43562439496613,51.64363982848976,4700.0,1.8430376E7
4800.0,249.245446912,0.001183055575483754,4800.0,78.375,56.74541170947125,75.27393997141495,51.69846440204746,4800.0,1.8433544E7
4900.0,254.60270321,0.0012086065854887958,4900.0,78.3061224489796,56.61224489795917,75.07620164126611,51.68181818181817,4900.0,1.8436056E7
5000.0,259.941869582,0.001234074388914655,5000.0,78.36,56.71565771478194,75.02308402585409,51.88972876834147,5000.0,1.843828E7
5100.0,265.142706816,0.0012588862485641704,5100.0,78.41176470588235,56.819319253888025,74.96589358799454,52.1096128751631,5100.0,1.8441168E7
5200.0,270.490283258,0.0012844010408319115,5200.0,78.51923076923077,57.03846153846155,74.98320268757,52.468085106382986,5200.0,1.8443248E7
5300.0,275.840917404,0.0013099352393268434,5300.0,78.64150943396227,57.2791072219215,75.02206531332745,52.813672363484784,5300.0,1.8446728E7
5400.0,281.080415718,0.001334942363074976,5400.0,78.74074074074075,57.47774255596412,75.03262287951283,53.12372396896694,5400.0,1.8449152E7
5500.0,286.373296812,0.0013602066387283836,5500.0,78.78181818181818,57.56363636363637,74.983922829582,53.320000000000014,5500.0,1.845088E7
5600.0,291.692884951,0.0013856009151046755,5600.0,78.82142857142857,57.63938292388011,74.93660185967879,53.471949784229125,5600.0,1.8452712E7
5700.0,296.962973221,0.0014107614665348006,5700.0,79.03508771929825,58.06684040368123,75.09378907878282,54.020777222008476,5700.0,1.84546E7
5800.0,302.263188321,0.001436069831901613,5800.0,79.01724137931035,58.03448275862068,74.98458376156218,54.0754716981132,5800.0,1.8457504E7
5900.0,307.575805582,0.0014614410455663653,5900.0,79.03389830508475,58.06466441044146,74.91889699918897,54.16821044831419,5900.0,1.8460144E7
5995.0,312.635285874,0.0014856074697263807,5995.0,79.115929941618,58.23033855744873,74.93493493493494,54.42300691663633,5995.0,1.846328E7
