learning evaluation instances,evaluation time (cpu seconds),model cost (RAM-Hours),classified instances,classifications correct (percent),Kappa Statistic (percent),Kappa Temporal Statistic (percent),Kappa M Statistic (percent),model training instances,model serialized size (bytes)
100.0,0.610870396,4.9116534666468697E-8,100.0,100.0,?,?,?,100.0,310800.0
200.0,0.904498669,7.43291823050566E-8,200.0,97.5,53.271028037383125,-25.0,16.666666666666664,200.0,331912.0
300.0,1.083028673,8.966805390424405E-8,300.0,96.33333333333334,33.57487922705311,-175.0000000000002,-83.33333333333296,300.0,332112.0
400.0,1.211814226,1.0073433374398284E-7,400.0,96.5,28.49846782431053,-250.0,-133.33333333333331,400.0,332152.0
500.0,1.303968966,1.0864995096785326E-7,500.0,95.19999999999999,18.077553249590284,-300.0,-200.0,500.0,332024.0
600.0,1.368091491,1.1416026685268928E-7,600.0,95.16666666666667,23.751095530236817,-262.5000000000007,-189.99999999999912,600.0,332176.0
700.0,1.44604201,1.2087436728422011E-7,700.0,94.28571428571428,32.75696445725267,-233.33333333333374,-81.81818181818163,700.0,332944.0
800.0,1.504177183,1.2589374716163094E-7,800.0,93.875,77.0001642845408,-276.9230769230774,59.83606557377047,800.0,333744.0
900.0,1.564658061,1.311180330263906E-7,900.0,93.66666666666667,81.90399593633593,-103.57142857142878,71.64179104477611,900.0,333896.0
1000.0,1.623980011,1.3624331665157442E-7,1000.0,93.2,82.23958795844064,-6.250000000000011,73.54085603112843,1000.0,333968.0
1100.0,1.68565052,1.4157240395009724E-7,1100.0,88.36363636363636,70.79746966711605,-33.33333333333329,60.61538461538461,1100.0,334024.0
1200.0,1.747703207,1.4693541508078781E-7,1200.0,87.33333333333333,68.05951017577775,-29.914529914529915,57.66016713091921,1200.0,334080.0
1300.0,1.804949076,1.5188298862636296E-7,1300.0,85.38461538461539,64.21482694174405,-52.00000000000004,54.65393794749402,1300.0,334080.0
1400.0,1.863052537,1.5690588356094848E-7,1400.0,84.42857142857143,63.10730311001084,-50.34482758620693,54.393305439330554,1400.0,334160.0
1500.0,1.91979291,1.6181106046993284E-7,1500.0,82.53333333333333,59.294436906377214,-46.36871508379891,51.02803738317758,1500.0,334168.0
1600.0,1.996088235,1.6840722691704827E-7,1600.0,81.5,57.5949457759695,-32.73542600896862,50.16835016835015,1600.0,334192.0
1700.0,2.084417188,1.76044683240145E-7,1700.0,81.29411764705883,57.96979983175482,-32.499999999999915,51.30168453292497,1700.0,334232.0
1800.0,2.142592227,1.81075210701668E-7,1800.0,81.55555555555556,58.95604395604397,-16.901408450704192,52.57142857142857,1800.0,334256.0
1900.0,2.231414889,1.8875627523496124E-7,1900.0,82.05263157894737,60.981444053931,-12.91390728476824,55.59895833333333,1900.0,334272.0
2000.0,2.289894159,1.938135943566449E-7,2000.0,82.45,61.94049271339348,-5.089820359281407,56.55940594059407,2000.0,334288.0
2100.0,2.346244872,1.986869513333589E-7,2100.0,83.0,63.86932232207918,3.7735849056603397,59.523809523809526,2100.0,334296.0
2200.0,2.405376339,2.0380079518565907E-7,2200.0,83.5909090909091,65.67640220238044,9.296482412060316,62.19895287958116,2200.0,334296.0
2300.0,2.475919719,2.0990171710510427E-7,2300.0,83.91304347826087,66.59509407151242,9.090909090909124,63.54679802955666,2300.0,334304.0
2400.0,2.539105702,2.1536633687079159E-7,2400.0,84.29166666666667,67.53274714296786,12.529002320185596,64.70037453183521,2400.0,334304.0
2500.0,2.61379276,2.2182577804494855E-7,2500.0,84.68,68.41818479270455,16.55773420479302,65.74239713774598,2500.0,334312.0
2600.0,2.690442119,2.2845572543172578E-7,2600.0,85.03846153846155,69.62146069292146,15.250544662309377,68.06239737274221,2600.0,334352.0
2700.0,2.74867152,2.3349264086520713E-7,2700.0,85.37037037037038,70.60396247009405,13.943355119825751,70.03034901365706,2700.0,334368.0
2800.0,2.813002287,2.3905733202783804E-7,2800.0,85.57142857142857,71.20209854014601,11.982570806100243,70.76700434153402,2800.0,334368.0
2900.0,2.872797456,2.4422956458359127E-7,2900.0,85.82758620689656,71.82013686348833,10.45751633986929,70.260492040521,2900.0,334360.0
3000.0,2.946221393,2.5058082623339357E-7,3000.0,86.13333333333333,72.46307227384415,9.368191721132881,69.89869753979738,3000.0,334368.0
3100.0,3.004846945,2.5565213055166926E-7,3100.0,86.54838709677419,73.25945465587915,9.150326797385622,69.82633863965268,3100.0,334376.0
3200.0,3.060549184,2.604707891816418E-7,3200.0,86.9375,73.96984736865048,9.71922246220301,69.88472622478386,3200.0,334392.0
3300.0,3.113435643,2.6504586186532756E-7,3300.0,86.93939393939394,73.9489081363368,8.879492600422815,69.66924700914849,3300.0,334392.0
3400.0,3.166934024,2.696738703605553E-7,3400.0,87.20588235294117,74.38272588581381,8.805031446540868,69.51646811492643,3400.0,334392.0
3500.0,3.21944188,2.7421619106432006E-7,3500.0,87.45714285714286,74.87551401771354,9.670781893004133,70.17663043478261,3500.0,334392.0
3600.0,3.272913489,2.7884188358210855E-7,3600.0,87.55555555555556,75.05185927689372,9.127789046653113,70.42904290429041,3600.0,334392.0
3700.0,3.325230381,2.833676844772779E-7,3700.0,87.83783783783784,75.60770509378509,9.456740442655924,71.17232543241514,3700.0,334392.0
3800.0,3.386930871,2.88705364198693E-7,3800.0,87.94736842105263,75.76999594867203,11.583011583011542,71.10410094637224,3800.0,334400.0
3900.0,3.452271791,2.943579757689188E-7,3900.0,88.1025641025641,76.08108954761062,13.271028037383184,71.65546731826512,3900.0,334400.0
4000.0,3.505087447,2.989270327732381E-7,4000.0,88.125,76.0281041460277,11.214953271028044,70.98350641417225,4000.0,334400.0
4100.0,3.556635149,3.033870397872229E-7,4100.0,88.34146341463415,76.35873348048709,10.986964618249544,70.97753491196114,4100.0,334448.0
4200.0,3.609751691,3.0798278587651745E-7,4200.0,88.5,76.60350096326314,11.700182815356515,71.0431654676259,4200.0,334448.0
4300.0,3.66129013,3.124413514523125E-7,4300.0,88.72093023255813,76.91692972475195,11.496350364963497,70.95808383233533,4300.0,334400.0
4400.0,3.714614621,3.1705453788848175E-7,4400.0,88.63636363636364,76.72863900618594,10.394265232974911,70.72599531615926,4400.0,334408.0
4500.0,3.767974416,3.216711098309916E-7,4500.0,88.75555555555556,76.95265283366982,9.803921568627466,70.93624353819644,4500.0,334432.0
4600.0,3.820838425,3.262454439066453E-7,4600.0,88.95652173913044,77.2397044434198,9.608540925266885,70.92157985117343,4600.0,334480.0
4700.0,3.877309373,3.3113188719021977E-7,4700.0,89.14893617021276,77.63210913067196,9.734513274336276,71.49245388485187,4700.0,334480.0
4800.0,3.946370503,3.371080474904117E-7,4800.0,89.04166666666666,77.37324203049342,8.838821490467932,71.01928374655647,4800.0,334496.0
4900.0,4.006554432,3.423161494899996E-7,4900.0,89.10204081632654,77.40485922465663,8.404802744425394,70.83560895685419,4900.0,334504.0
5000.0,4.061582538,3.470780850042485E-7,5000.0,89.08,77.22293705304186,7.614213197969552,70.3099510603589,5000.0,334504.0
5100.0,4.119459077,3.520865137243995E-7,5100.0,89.23529411764706,77.43129275915202,7.419898819561579,70.35637149028078,5100.0,334504.0
5200.0,4.180335887,3.5735457516800404E-7,5200.0,89.40384615384616,77.6438775497465,7.705192629815739,70.3125,5200.0,334504.0
5300.0,4.257482995,3.6403061001839115E-7,5300.0,89.52830188679245,77.76678945637136,7.960199004975084,70.19334049409235,5300.0,334504.0
5400.0,4.319081223,3.693611003959448E-7,5400.0,89.5,77.62501578482131,6.896551724137928,69.90445859872612,5400.0,334504.0
5500.0,4.372902983,3.740186430412138E-7,5500.0,89.56363636363636,77.65186116036465,6.6666666666667,69.75763962065334,5500.0,334504.0
5600.0,4.438467449,3.796923574721296E-7,5600.0,89.71428571428571,77.80835489019758,6.645056726094017,69.68421052631578,5600.0,334504.0
5700.0,4.492704382,3.843858277041714E-7,5700.0,89.75438596491227,77.80942907276771,6.85805422647522,69.63078523140925,5700.0,334504.0
5800.0,4.544094674,3.888329598035829E-7,5800.0,89.72413793103449,77.63645945456717,6.729264475743426,69.26250644662198,5800.0,334504.0
5900.0,4.596347669,3.9335474713561233E-7,5900.0,89.76271186440677,77.68266167764308,6.646058732612002,69.29334011184544,5900.0,334504.0
6000.0,4.647143355,3.9775042415807856E-7,6000.0,89.8,77.6779608160675,6.849315068493205,69.19979869149473,6000.0,334504.0
6100.0,4.699729193,4.0230112336504176E-7,6100.0,89.65573770491804,77.38125851192412,5.961251862891235,68.87025160335473,6100.0,334512.0
6200.0,4.757880495,4.0733344944293513E-7,6200.0,89.54838709677419,77.12863491947829,5.950653120464426,68.61985472154963,6200.0,334512.0
6300.0,4.812453992,4.1205615766561494E-7,6300.0,89.61904761904762,77.26182280910362,6.437768240343327,68.8125894134478,6300.0,334512.0
6400.0,4.867285705,4.1680121151196675E-7,6400.0,89.75,77.49222515709175,7.213578500707185,69.04200094384142,6400.0,334512.0
6500.0,4.925103072,4.218046393579887E-7,6500.0,89.87692307692308,77.76958856846441,7.843137254901931,69.46635730858469,6500.0,334512.0
6600.0,4.980417457,4.2659146291213947E-7,6600.0,89.80303030303031,77.60406109798488,6.786703601108053,69.26940639269408,6600.0,334512.0
6700.0,5.038171095,4.3158937574650064E-7,6700.0,89.92537313432835,77.86823729673523,7.660738714090284,69.63562753036437,6700.0,334512.0
6800.0,5.09392994,4.364147775983563E-7,6800.0,89.98529411764706,77.92951093382362,7.848443843031139,69.63887650468125,6800.0,334520.0
6900.0,5.164960901,4.4256183697070315E-7,6900.0,90.07246376811594,77.98773479283834,7.557354925775943,69.48775055679288,6900.0,334520.0
7000.0,5.223496248,4.4762751886947296E-7,7000.0,90.10000000000001,78.0274392939502,7.4766355140186995,69.59192628345767,7000.0,334520.0
7100.0,5.275055001,4.52089442393993E-7,7100.0,90.1549295774648,78.07047389410306,7.0478723404255845,69.50261780104712,7100.0,334520.0
7200.0,5.326322256,4.5652613951741E-7,7200.0,90.26388888888889,78.21611417117907,6.905710491367878,69.58785249457699,7200.0,334520.0
7300.0,5.377961086,4.609952066946486E-7,7300.0,90.27397260273973,78.23324869372195,6.20871862615591,69.6191698759093,7300.0,334536.0
7400.0,5.429564876,4.654612413455133E-7,7400.0,90.4054054054054,78.38068802081905,6.208718626155869,69.61916987590928,7400.0,334536.0
7500.0,5.480808462,4.69895890140339E-7,7500.0,90.48,78.42013115240853,5.92885375494072,69.47413424540403,7500.0,334520.0
7600.0,5.532340234,4.7435547871392233E-7,7600.0,90.60526315789474,78.55719783703675,5.9288537549407,69.474134245404,7600.0,334520.0
7700.0,5.583848068,4.788131022804107E-7,7700.0,90.67532467532467,78.5796883558913,5.401844532279279,69.30312099187688,7700.0,334528.0
7800.0,5.634863008,4.832280695024258E-7,7800.0,90.7948717948718,78.70738901962208,5.401844532279272,69.30312099187685,7800.0,334528.0
7900.0,5.686068772,4.876595511358109E-7,7900.0,90.9113924050633,78.83039993682188,5.401844532279389,69.30312099187688,7900.0,334528.0
8000.0,5.737503632,4.921108593402101E-7,8000.0,90.925,78.73513445670501,4.347826086956568,68.96109448482258,8000.0,334528.0
8100.0,5.788619612,4.965345708298478E-7,8100.0,91.03703703703704,78.85091480960321,4.347826086956568,68.96109448482258,8100.0,334528.0
8200.0,5.839571256,5.009441656991883E-7,8200.0,91.14634146341464,78.9626626487044,4.347826086956527,68.9610944848226,8200.0,334536.0
8300.0,5.891346911,5.054250743553396E-7,8300.0,91.20481927710843,78.96585608896287,3.820816864295108,68.7900812312954,8300.0,334536.0
8400.0,5.942338846,5.098381561972865E-7,8400.0,91.26190476190476,78.96678385218291,3.293807641633719,68.6190679777683,8400.0,334536.0
8500.0,5.993357999,5.142535936129447E-7,8500.0,91.34117647058824,79.01718732506636,3.030303030303083,68.5335613510047,8500.0,334536.0
8600.0,6.044297295,5.186621198282992E-7,8600.0,91.44186046511628,79.11621219506834,3.030303030302981,68.5335613510047,8600.0,334536.0
8700.0,6.095892815,5.231274387544747E-7,8700.0,91.54022988505747,79.21206209448474,3.030303030302965,68.53356135100469,8700.0,334536.0
8800.0,6.14719591,5.275674498460361E-7,8800.0,91.63636363636364,79.3354401604209,3.5386631716906787,68.61407249466951,8800.0,334536.0
8900.0,6.198388525,5.319978994788708E-7,8900.0,91.73033707865169,79.45609200700092,3.790849673202554,68.69417269247127,8900.0,334536.0
9000.0,6.249515326,5.364226532586583E-7,9000.0,91.77777777777779,79.44334682067901,3.26797385620914,68.52403232666951,9000.0,334536.0
9100.0,6.302106054,5.409742110071416E-7,9100.0,91.82417582417582,79.42906853944868,2.745098039215728,68.35389196086771,9100.0,334544.0
9200.0,6.369355681,5.46794449145972E-7,9200.0,91.82608695652173,79.31437362204706,1.6993464052287675,68.01361122926413,9200.0,334544.0
9300.0,6.422567903,5.513997951940076E-7,9300.0,91.73118279569893,79.1025867594607,1.1568123393316296,67.71620486985728,9300.0,334544.0
9324.0,6.441221995,5.530142466422462E-7,9324.0,91.74174174174175,79.11857604666702,1.53452685421999,67.74193548387098,9324.0,334544.0
