learning evaluation instances,evaluation time (cpu seconds),model cost (RAM-Hours),classified instances,classifications correct (percent),Kappa Statistic (percent),Kappa Temporal Statistic (percent),Kappa M Statistic (percent),model training instances,model serialized size (bytes)
100.0,6.507545281,4.081307586038634E-5,100.0,100.0,?,?,?,100.0,2.4242896E7
200.0,13.51273865,8.767786645577667E-5,200.0,99.0,82.81786941580755,50.0,66.66666666666666,200.0,2.5860024E7
300.0,20.470378434,1.3424973689776218E-4,300.0,98.33333333333333,65.84699453551899,-25.00000000000063,16.666666666666483,300.0,2.5874032E7
400.0,27.392754275,1.805977124795861E-4,400.0,97.75,51.638903815153256,-124.99999999999945,-49.99999999999963,400.0,2.5880816E7
500.0,34.31002069,2.2692092705344055E-4,500.0,96.39999999999999,34.21052631578954,-200.0,-125.0,500.0,2.5886096E7
600.0,41.224738557,2.73238551847737E-4,600.0,95.66666666666667,33.33333333333339,-225.00000000000063,-159.9999999999992,600.0,2.5892416E7
700.0,48.155881171,3.1969211728558413E-4,700.0,95.14285714285714,44.58930899608871,-183.33333333333377,-54.54545454545442,700.0,2.5906968E7
800.0,54.999548338,3.656402270864491E-4,800.0,93.25,73.88655157406063,-315.38461538461576,55.73770491803277,800.0,2.5952616E7
900.0,61.856418593,4.1170790412427114E-4,900.0,92.11111111111111,76.63858910239537,-153.57142857142878,64.6766169154229,900.0,2.5970048E7
1000.0,68.72640935,4.5788076423130945E-4,1000.0,91.8,77.85208433494132,-28.12500000000005,68.0933852140078,1000.0,2.5979632E7
1100.0,75.593484359,5.040514376123563E-4,1100.0,87.18181818181819,66.87313114053823,-46.87499999999998,56.61538461538461,1100.0,2.5989432E7
1200.0,82.48424168,5.503942735182541E-4,1200.0,85.91666666666666,63.34241940031957,-44.44444444444443,52.924791086350965,1200.0,2.5996688E7
1300.0,89.286890453,5.961530370800412E-4,1300.0,82.6923076923077,55.9418945135985,-80.00000000000007,46.30071599045345,1300.0,2.6001512E7
1400.0,96.076375624,6.418404252313588E-4,1400.0,80.42857142857143,51.441071030725304,-88.96551724137939,42.67782426778242,1400.0,2.6011288E7
1500.0,102.88051917,6.876357034273814E-4,1500.0,78.26666666666667,47.039519998267146,-82.12290502793306,39.065420560747654,1500.0,2.6016544E7
1600.0,109.72600385,7.337170485001459E-4,1600.0,76.1875,42.91172669551046,-70.85201793721973,35.85858585858585,1600.0,2.602096E7
1700.0,116.551343881,7.796689034838313E-4,1700.0,74.52941176470588,40.033172791793476,-80.41666666666664,33.690658499234296,1700.0,2.6024424E7
1800.0,123.3697939,8.255940003070121E-4,1800.0,73.88888888888889,38.87283236994221,-65.49295774647884,32.857142857142854,1800.0,2.6035552E7
1900.0,130.170481091,8.714054388606331E-4,1900.0,72.68421052631578,37.54734140786696,-71.85430463576164,32.421874999999986,1900.0,2.6038952E7
2000.0,137.000345103,9.174194850712954E-4,2000.0,72.15,36.203452572936534,-66.76646706586821,31.064356435643575,2000.0,2.6042384E7
2100.0,143.796969899,9.632194108896658E-4,2100.0,70.9047619047619,34.961253512730984,-64.69002695417792,30.725623582766442,2100.0,2.6047968E7
2200.0,150.592579482,0.0010090166445139185,2200.0,69.45454545454545,33.0789391490922,-68.84422110552762,29.633507853403145,2200.0,2.6050328E7
2300.0,157.432067693,0.0010551145126319042,2300.0,69.30434782608695,33.511585722884405,-73.46437346437345,30.443349753694577,2300.0,2.6053112E7
2400.0,164.25793954,0.0011011299307486552,2400.0,68.83333333333333,32.82684052660883,-73.54988399071927,29.962546816479396,2400.0,2.6058392E7
2500.0,171.07272752,0.0011470753396302998,2500.0,68.8,32.96776127447879,-69.93464052287585,30.232558139534877,2500.0,2.6061064E7
2600.0,177.859396415,0.0011928378970980068,2600.0,67.65384615384616,32.59647526359076,-83.22440087145971,30.952380952380953,2600.0,2.6064896E7
2700.0,184.748750206,0.001239300844180248,2700.0,67.2962962962963,33.63593040527149,-92.37472766884525,33.004552352048556,2700.0,2.6069376E7
2800.0,191.650869761,0.0012858559852492036,2800.0,66.89285714285714,34.27762613499977,-101.96078431372551,32.9232995658466,2800.0,2.6072792E7
2900.0,198.560393981,0.001332472439646082,2900.0,66.75862068965517,35.19811444964292,-110.0217864923748,30.246020260492028,2900.0,2.6079152E7
3000.0,205.447905393,0.0013789470941732258,3000.0,66.53333333333333,35.73593871615255,-118.73638344226576,27.35166425470333,3000.0,2.608292E7
3100.0,212.363712578,0.001425618547568191,3100.0,66.6774193548387,36.76412741091331,-125.05446623093684,25.253256150506502,3100.0,2.60862E7
3200.0,219.287962259,0.001472349526127492,3200.0,66.9375,37.75152385210986,-128.50971922246222,23.77521613832854,3200.0,2.6087624E7
3300.0,226.219629289,0.0015191349963946121,3300.0,67.45454545454545,38.77654666003796,-127.06131078224104,24.41942294159044,3300.0,2.6090096E7
3400.0,233.150300379,0.0015659155088203701,3400.0,67.82352941176471,39.782500790844395,-129.350104821803,23.335669236159767,3400.0,2.609108E7
3500.0,240.062164785,0.001612570811131675,3500.0,68.48571428571428,40.89354928992644,-126.95473251028801,25.067934782608692,3500.0,2.6092048E7
3600.0,246.966743387,0.0016591797205389373,3600.0,68.77777777777779,41.38633825401862,-127.99188640973631,25.80858085808581,3600.0,2.6093608E7
3700.0,253.906626055,0.0017060315438534486,3700.0,69.4054054054054,42.44146369417404,-127.76659959758557,27.482383087764262,3700.0,2.6096168E7
3800.0,260.858846652,0.0017529689063108872,3800.0,69.86842105263158,43.36420034312105,-121.0424710424711,27.760252365930604,3800.0,2.6097416E7
3900.0,267.789878816,0.0017997648233385448,3900.0,70.3076923076923,44.06402676088331,-116.4485981308412,29.26084300549785,3900.0,2.6098312E7
4000.0,274.686083629,0.0018463283956081822,4000.0,70.42500000000001,44.49673126565282,-121.12149532710272,27.733659132559573,4000.0,2.609988E7
4100.0,281.581767564,0.001892893288866157,4100.0,70.7560975609756,45.19132141105114,-123.27746741154564,27.200971463266537,4100.0,2.6102592E7
4200.0,288.493879574,0.0019395704616616024,4200.0,71.16666666666667,45.94963375568749,-121.38939670932353,27.398081534772178,4200.0,2.6103344E7
4300.0,295.399111742,0.0019862039619681984,4300.0,71.55813953488372,46.6973845848216,-123.17518248175176,26.76646706586827,4300.0,2.6104904E7
4400.0,302.305276985,0.0020328453787771075,4400.0,71.88636363636364,47.252616048508834,-121.68458781362004,27.576112412177988,4400.0,2.6105808E7
4500.0,309.210816681,0.002079485114827817,4500.0,72.06666666666666,47.570317783288054,-124.06417112299457,27.80011487650775,4500.0,2.6107232E7
4600.0,316.113716944,0.0021261091529107047,4600.0,72.36956521739131,48.11292790904313,-126.15658362989323,27.246708643388672,4600.0,2.6108424E7
4700.0,323.030986088,0.0021728318742924198,4700.0,72.85106382978724,48.914427321462426,-125.84070796460183,28.67523756288428,4700.0,2.6109336E7
4800.0,329.937699386,0.0022195275366377453,4800.0,73.125,49.380872149915014,-123.57019064124782,28.92561983471074,4800.0,2.6134096E7
4900.0,336.823095948,0.0022660822562263726,4900.0,73.59183673469389,50.15957644994005,-121.95540308747854,29.328235936646664,4900.0,2.613588E7
5000.0,343.732574582,0.0023128015768217386,5000.0,73.83999999999999,50.56099661773716,-121.31979695431482,28.87438825448612,5000.0,2.6136872E7
5100.0,350.654636818,0.002359609306664158,5100.0,74.2156862745098,51.16264437841367,-121.7537942664417,28.995680345572367,5100.0,2.6138728E7
5200.0,357.601794627,0.002406589007176824,5200.0,74.5576923076923,51.683804930561095,-121.60804020100512,28.717672413793082,5200.0,2.6139992E7
5300.0,364.53506574,0.0024534764643155908,5300.0,74.84905660377359,52.11089227245269,-121.06135986733,28.410311493018263,5300.0,2.614092E7
5400.0,371.487058226,0.0025004944990657044,5400.0,75.07407407407408,52.4170893116386,-121.0180623973728,28.55626326963906,5400.0,2.6143128E7
5500.0,378.457879888,0.0025476454056478632,5500.0,75.41818181818182,52.93606545507205,-119.83739837398375,28.767123287671236,5500.0,2.6146192E7
5600.0,385.420008921,0.002594741592660165,5600.0,75.83928571428571,53.539936964226584,-119.28687196110211,28.789473684210513,5600.0,2.6148456E7
5700.0,392.395101177,0.002641927434259316,5700.0,76.26315789473685,54.20908743077123,-115.78947368421053,29.641185647425893,5700.0,2.6149544E7
5800.0,399.37873801,0.0026891727412545067,5800.0,76.65517241379311,54.80291800078019,-111.89358372456954,30.17019082001033,5800.0,2.6150464E7
5900.0,406.350384961,0.0027363396475439134,5900.0,77.0,55.361394126390664,-109.73724884080372,31.011692933401125,5900.0,2.6151968E7
6000.0,413.314534857,0.002783461727196817,6000.0,77.25,55.73558698827311,-107.76255707762552,31.303472571716156,6000.0,2.615524E7
6100.0,420.273082759,0.002830549041149737,6100.0,77.59016393442623,56.31410882395592,-103.72578241430705,32.560434139121845,6100.0,2.6156984E7
6200.0,427.226717268,0.002877606273087194,6200.0,77.88709677419355,56.81600188582624,-98.98403483309146,33.60774818401938,6200.0,2.6158744E7
6300.0,434.205409789,0.0029248351306791123,6300.0,78.19047619047619,57.32741294446174,-96.5665236051503,34.477825464949916,6300.0,2.615988E7
6400.0,441.181815839,0.0029720499871141942,6400.0,78.484375,57.78867206748907,-94.7666195190948,35.016517225106156,6400.0,2.6160696E7
6500.0,448.162264617,0.003019294833199863,6500.0,78.78461538461539,58.2955689594527,-93.13725490196082,36.0092807424594,6500.0,2.6162152E7
6600.0,455.16036706,0.0030666651148876377,6600.0,79.0,58.673967255773604,-91.96675900277008,36.712328767123296,6600.0,2.616544E7
6700.0,462.150882543,0.003113986210447924,6700.0,79.31343283582089,59.212594261195925,-89.60328317373458,37.651821862348186,6700.0,2.616664E7
6800.0,469.150083968,0.0031613699137122437,6800.0,79.52941176470588,59.54070562520801,-88.36265223274702,37.9402585822559,6800.0,2.6168744E7
6900.0,476.118874214,0.0032085496121076642,6900.0,79.3913043478261,59.19979740864365,-91.90283400809722,36.65924276169265,6900.0,2.6169784E7
7000.0,483.112372511,0.0032558993954269755,7000.0,79.62857142857143,59.59942641061019,-90.38718291054745,37.42869679684072,7000.0,2.6171336E7
7100.0,490.086506288,0.0033031196869995677,7100.0,79.69014084507042,59.638136430053045,-91.75531914893614,37.085514834205924,7100.0,2.6172232E7
7200.0,497.066416989,0.003350380306261244,7200.0,79.94444444444444,60.00478551542964,-91.76626826029215,37.35357917570497,7200.0,2.6172904E7
7300.0,504.083184432,0.003397895839239293,7300.0,79.94520547945206,59.99685879967668,-93.39498018494054,37.355584082156604,7300.0,2.6175856E7
7400.0,511.06237346,0.0034451574508669075,7400.0,80.0945945945946,60.1336208731557,-94.58388375165126,36.97047496790758,7400.0,2.617616E7
7500.0,518.070087263,0.0034926134300840364,7500.0,80.29333333333334,60.3599552083586,-94.72990777338607,36.81060282171869,7500.0,2.6176824E7
7600.0,525.074039752,0.0035400448655284775,7600.0,80.55263157894737,60.679581505401295,-94.72990777338602,36.810602821718675,7600.0,2.6177336E7
7700.0,532.101273458,0.003587635825180029,7700.0,80.77922077922078,60.94128888948298,-94.99341238471676,36.72509619495513,7700.0,2.617836E7
7800.0,539.104834983,0.003635067077062778,7800.0,81.02564102564102,61.23571566007912,-94.9934123847167,36.72509619495511,7800.0,2.6178696E7
7900.0,546.112258683,0.0036825255150073743,7900.0,81.26582278481013,61.51844807310837,-94.99341238471668,36.72509619495511,7900.0,2.6179264E7
8000.0,553.109920663,0.0037299197234947155,8000.0,81.4625,61.725026967338145,-95.38866930171265,36.59683625480977,8000.0,2.6180304E7
8100.0,560.10798529,0.0037773179625462863,8100.0,81.69135802469137,61.98694094794076,-95.38866930171267,36.59683625480978,8100.0,2.6181024E7
8200.0,567.123514367,0.003824835520060432,8200.0,81.91463414634146,62.239035235079584,-95.3886693017129,36.59683625480974,8200.0,2.6181592E7
8300.0,574.123980984,0.0038722521576757376,8300.0,82.13253012048193,62.481851907665046,-95.3886693017127,36.59683625480976,8300.0,2.61822E7
8400.0,581.121932252,0.00391967000652215,8400.0,82.32142857142857,62.67392800502708,-95.65217391304364,36.51132962804618,8400.0,2.619228E7
8500.0,588.125582634,0.0039671278348567185,8500.0,82.49411764705883,62.83756248022956,-96.04743083003939,36.38306968790082,8500.0,2.6193032E7
8600.0,595.096444698,0.004014364277911386,8600.0,82.69767441860465,63.0562073499232,-96.04743083003957,36.38306968790082,8600.0,2.6193472E7
8700.0,602.070511002,0.004061623400810267,8700.0,82.89655172413794,63.267355348896295,-96.04743083003952,36.383069687900836,8700.0,2.6194008E7
8800.0,609.0478464,0.004108906264862512,8800.0,83.0909090909091,63.50500655100518,-95.01965923984277,36.545842217484015,8800.0,2.6194888E7
8900.0,616.081375126,0.004156571750237731,8900.0,83.25842696629213,63.69620935425024,-94.7712418300654,36.62271373883452,8900.0,2.6195888E7
9000.0,623.052144232,0.004203814517074324,9000.0,83.42222222222222,63.84808636355094,-95.0326797385622,36.53764355593364,9000.0,2.6197328E7
9100.0,630.040097231,0.004251176968844857,9100.0,83.57142857142857,63.974430730068775,-95.42483660130708,36.41003828158232,9100.0,2.6199112E7
9200.0,637.028758512,0.004298545653072414,9200.0,83.67391304347827,64.01668423421737,-96.3398692810456,36.11229264142919,9200.0,2.6199904E7
9300.0,644.061434256,0.004346216565125002,9300.0,83.68817204301075,64.02973996348132,-94.98714652956302,36.31402183039463,9300.0,2.6202048E7
9324.0,646.429372408,0.004362267670500017,9324.0,83.71943371943372,64.0731381509067,-94.11764705882348,36.40552995391705,9324.0,2.6202152E7
