learning evaluation instances,evaluation time (cpu seconds),model cost (RAM-Hours),classified instances,classifications correct (percent),Kappa Statistic (percent),Kappa Temporal Statistic (percent),Kappa M Statistic (percent),model training instances,model serialized size (bytes)
100.0,0.644436967,5.132994948154108E-8,100.0,100.0,?,?,?,100.0,307888.0
200.0,0.934852865,7.604798284920553E-8,200.0,97.5,53.271028037383125,-25.0,16.666666666666664,200.0,329000.0
300.0,1.098076104,8.994877173267718E-8,300.0,97.0,38.52459016393431,-125.00000000000063,-50.0,300.0,329200.0
400.0,1.243728036,1.023546201974195E-7,400.0,97.0,31.97278911564641,-200.0,-100.0,400.0,329240.0
500.0,1.385624112,1.144399777037195E-7,500.0,95.8,20.43043346468611,-250.0,-162.5,500.0,329224.0
600.0,1.496217115,1.2386358611837443E-7,600.0,96.33333333333334,29.637526652452102,-175.0000000000002,-119.99999999999906,600.0,329376.0
700.0,1.595123162,1.3231059274360536E-7,700.0,94.57142857142857,26.90701253022657,-216.66666666666688,-72.72727272727244,700.0,330128.0
800.0,1.692649954,1.4065998919316462E-7,800.0,93.5,74.5110533797363,-300.0,57.3770491803279,800.0,330928.0
900.0,1.782060118,1.483176562290473E-7,900.0,93.33333333333333,80.50640039853582,-114.28571428571439,70.1492537313433,900.0,331064.0
1000.0,1.868272586,1.5570305764738884E-7,1000.0,93.10000000000001,81.67603225018325,-7.812500000000014,73.15175097276267,1000.0,331136.0
1100.0,1.956177528,1.6323362698264005E-7,1100.0,89.36363636363637,73.18191289852052,-21.874999999999947,64.00000000000001,1100.0,331144.0
1200.0,2.045362098,1.7087474133689784E-7,1200.0,88.66666666666667,71.37334282877681,-16.239316239316153,62.11699164345406,1200.0,331184.0
1300.0,2.134468378,1.7850914799673276E-7,1300.0,87.61538461538461,69.93835423620726,-28.799999999999994,61.575178997613364,1300.0,331184.0
1400.0,2.218507832,1.8571118076651874E-7,1400.0,87.07142857142857,69.71029945445069,-24.827586206896644,62.133891213389106,1400.0,331264.0
1500.0,2.30786122,1.9336879322044136E-7,1500.0,86.46666666666667,68.9722635472498,-13.407821229050295,62.05607476635515,1500.0,331272.0
1600.0,2.405183701,2.017103664574358E-7,1600.0,85.8125,68.19559011541358,-1.7937219730941318,61.784511784511785,1600.0,331312.0
1700.0,2.494627719,2.0937685661295634E-7,1700.0,85.70588235294117,68.58507353724012,-1.2499999999999636,62.78713629402757,1700.0,331320.0
1800.0,2.577219377,2.164565251444487E-7,1800.0,86.05555555555556,69.57985456504173,11.619718309859142,64.14285714285712,1800.0,331344.0
1900.0,2.659725992,2.2352924539332174E-7,1900.0,86.47368421052632,71.07494804982477,14.900662251655609,66.53645833333333,1900.0,331360.0
2000.0,2.744090653,2.3076159225078919E-7,2000.0,86.45,71.12007229573048,18.862275449101844,66.46039603960398,2000.0,331376.0
2100.0,2.828027759,2.3795745972847358E-7,2100.0,86.90476190476191,72.5680312824196,25.87601078167116,68.82086167800455,2100.0,331384.0
2200.0,2.913770999,2.4530816576958113E-7,2200.0,87.31818181818181,73.78177966101694,29.899497487437177,70.78534031413612,2200.0,331384.0
2300.0,2.997918049,2.5252220574597926E-7,2300.0,87.47826086956522,74.24942757068385,29.238329238329243,71.6256157635468,2300.0,331392.0
2400.0,3.084239606,2.5992266913742237E-7,2400.0,87.625,74.65286371433692,31.090487238979097,72.19101123595505,2400.0,331392.0
2500.0,3.172997455,2.6753218281844213E-7,2500.0,87.83999999999999,75.15099042920778,33.76906318082786,72.80858676207512,2500.0,331400.0
2600.0,3.252945095,2.7438719447780604E-7,2600.0,87.88461538461539,75.51619279488489,31.37254901960783,74.13793103448276,2600.0,331440.0
2700.0,3.337088384,2.8160230516606523E-7,2700.0,88.07407407407408,76.07673934817781,29.847494553376908,75.5690440060698,2700.0,331456.0
2800.0,3.419035643,2.8862911088415937E-7,2800.0,88.17857142857143,76.38511926177254,27.886710239651414,76.0492040520984,2800.0,331456.0
2900.0,3.500949223,2.956535372850278E-7,2900.0,88.24137931034483,76.55025818666078,25.708061002178624,75.32561505065122,2900.0,331480.0
3000.0,3.578479771,3.02302261121867E-7,3000.0,88.26666666666667,76.59470721219913,23.31154684095865,74.52966714905934,3000.0,331488.0
3100.0,3.661131869,3.093893342497883E-7,3100.0,88.61290322580645,77.22739887491737,23.09368191721132,74.45730824891461,3100.0,331448.0
3200.0,3.714531627,3.139683621020677E-7,3200.0,88.75,77.4252210447106,22.246220302375765,74.06340057636886,3200.0,331464.0
3300.0,3.792084738,3.206185393425698E-7,3300.0,88.72727272727273,77.35358695495769,21.353065539112077,73.82125263898665,3300.0,331464.0
3400.0,3.87047319,3.2734034705198057E-7,3400.0,88.88235294117646,77.55480055173415,20.754716981132038,73.51086194814295,3400.0,331464.0
3500.0,3.955552136,3.3463586444695786E-7,3500.0,89.02857142857142,77.84395284982155,20.987654320987644,73.91304347826086,3500.0,331464.0
3600.0,4.02940867,3.4096906030636276E-7,3600.0,88.91666666666667,77.60481954760611,19.06693711967544,73.66336633663366,3600.0,331464.0
3700.0,4.121344466,3.4885255240955694E-7,3700.0,89.10810810810811,77.98571101237087,18.91348088531185,74.18321588725176,3700.0,331464.0
3800.0,4.22915856,3.580978312837539E-7,3800.0,89.1842105263158,78.08153813767454,20.65637065637062,74.06940063091483,3800.0,331472.0
3900.0,4.313255943,3.653093537255707E-7,3900.0,89.25641025641026,78.24057158014384,21.682242990654185,74.40439828955407,3900.0,331472.0
4000.0,4.393427693,3.721842451157669E-7,4000.0,89.2,78.02305696733957,19.252336448598165,73.61026267562615,4000.0,331472.0
4100.0,4.475448632,3.7921770824145524E-7,4100.0,88.8780487804878,77.2922764347125,15.083798882681576,72.31329690346084,4100.0,331472.0
4200.0,4.561145847,3.865664195464634E-7,4200.0,89.0,77.46127856019804,15.539305301645365,72.3021582733813,4200.0,331472.0
4300.0,4.654156248,3.945422514951684E-7,4300.0,89.20930232558139,77.74853344634532,15.328467153284695,72.21556886227545,4300.0,331472.0
4400.0,4.73908211,4.0182499346724814E-7,4400.0,88.95454545454545,77.20465833424298,12.903225806451607,71.54566744730678,4400.0,331480.0
4500.0,4.824900569,4.0918481213450846E-7,4500.0,89.02222222222223,77.32163511928943,11.942959001782578,71.62550258472142,4500.0,331504.0
4600.0,4.903697601,4.1594247096217756E-7,4600.0,89.17391304347827,77.50844905891495,11.387900355871858,71.49398969662278,4600.0,331504.0
4700.0,4.98862836,4.232261601917032E-7,4700.0,89.40425531914894,77.99250996899997,11.858407079646033,72.16321967579654,4700.0,331504.0
4800.0,5.070528199,4.302502557471809E-7,4800.0,89.33333333333333,77.80324768399974,11.26516464471404,71.79063360881543,4800.0,331520.0
4900.0,5.152740248,4.3730129797158356E-7,4900.0,89.34693877551021,77.74128618085273,10.463121783876534,71.49098853085746,4900.0,331528.0
5000.0,5.23365045,4.44240685295295E-7,5000.0,89.24,77.38706435843234,8.96785109983075,70.74497009244153,5000.0,331528.0
5100.0,5.319451162,4.5159951469505626E-7,5100.0,89.45098039215686,77.72053407057975,9.274873524451998,70.95032397408208,5100.0,331528.0
5200.0,5.401102673,4.586024815198738E-7,5200.0,89.61538461538461,77.92358415328455,9.547738693467343,70.90517241379311,5200.0,331528.0
5300.0,5.48229824,4.6556634360961827E-7,5300.0,89.73584905660378,78.03739371384383,9.784411276948617,70.78410311493019,5300.0,331528.0
5400.0,5.566890766,4.7282155108772014E-7,5400.0,89.64814814814814,77.77638386294244,8.210180623973667,70.32908704883226,5400.0,331528.0
5500.0,5.649734961,4.799268102814381E-7,5500.0,89.7090909090909,77.7972852919746,7.96747967479671,70.17913593256057,5500.0,331528.0
5600.0,5.716503876,4.856533484795379E-7,5600.0,89.89285714285714,78.03038704668958,8.26580226904377,70.21052631578947,5600.0,331528.0
5700.0,5.786673414,4.916715463145636E-7,5700.0,89.96491228070175,78.10847384155998,8.771929824561433,70.2548101924077,5700.0,331528.0
5800.0,5.856728824,4.976799557869736E-7,5800.0,89.89655172413794,77.85750442843397,8.294209702660435,69.77823620422899,5800.0,331528.0
5900.0,5.917565758,5.028977285545298E-7,5900.0,89.9322033898305,77.91073050902135,8.191653786707906,69.80172852058975,5900.0,331528.0
6000.0,6.002266592,5.101622252340387E-7,6000.0,89.93333333333334,77.83324902546424,8.066971080669731,69.60241570206341,6000.0,331528.0
6100.0,6.084766173,5.172380988221512E-7,6100.0,89.9344262295082,77.86556013772594,8.494783904620007,69.70892945239272,6100.0,331536.0
6200.0,6.145833895,5.224757918619013E-7,6200.0,89.82258064516128,77.60461806720332,8.41799709724232,69.44309927360773,6200.0,331536.0
6300.0,6.205315261,5.27577425367946E-7,6300.0,89.82539682539684,77.58091754854055,8.297567954220328,69.43252265140679,6300.0,331536.0
6400.0,6.253634607,5.317217080420153E-7,6400.0,89.953125,77.8070768848453,9.05233380480906,69.65549787635678,6400.0,331536.0
6500.0,6.316248157,5.370919845856375E-7,6500.0,90.04615384615384,78.00854871586239,9.3837535014005,69.97679814385151,6500.0,331536.0
6600.0,6.365246822,5.412945314994972E-7,6600.0,89.96969696969697,77.83864390273592,8.310249307479179,69.77168949771688,6600.0,331536.0
6700.0,6.414982,5.455602481024733E-7,6700.0,90.02985074626866,77.95917394474547,8.618331053351595,69.95051731893838,6700.0,331536.0
6800.0,6.464276467,5.497882675599514E-7,6800.0,90.05882352941177,77.96763301116526,8.525033829499336,69.86179224253235,6800.0,331544.0
6900.0,6.512048365,5.538852997783406E-7,6900.0,90.17391304347827,78.08229703449008,8.50202429149795,69.79955456570156,6900.0,331512.0
7000.0,6.561306709,5.581098131605073E-7,7000.0,90.08571428571429,77.85612057647748,7.343124165554109,69.54804738920582,7000.0,331512.0
7100.0,6.609081709,5.622071114138348E-7,7100.0,90.19718309859155,78.01550126045171,7.4468085106383075,69.63350785340313,7100.0,331512.0
7200.0,6.658028833,5.664049338245226E-7,7200.0,90.27777777777779,78.09290953545232,7.038512616201896,69.63123644251627,7200.0,331512.0
7300.0,6.706044256,5.705230500752872E-7,7300.0,90.2876712328767,78.11183134239258,6.340819022457062,69.66195977749251,7300.0,331528.0
7400.0,6.774131081,5.763626208418608E-7,7400.0,90.41891891891892,78.25748940930126,6.34081902245711,69.66195977749253,7400.0,331528.0
7500.0,6.829485949,5.811102158275329E-7,7500.0,90.49333333333334,78.29484814065086,6.0606060606060534,69.51688755878581,7500.0,331528.0
7600.0,6.877057154,5.851902330415633E-7,7600.0,90.61842105263158,78.43032574873297,6.060606060606111,69.51688755878581,7600.0,331528.0
7700.0,6.935360567,5.901908351675731E-7,7700.0,90.68831168831169,78.45056397234377,5.5335968379445895,69.34587430525865,7700.0,331536.0
7800.0,6.983013548,5.942779646483E-7,7800.0,90.8076923076923,78.57684288719467,5.533596837944713,69.34587430525868,7800.0,331536.0
7900.0,7.03192291,5.984728521688468E-7,7900.0,90.92405063291139,78.69850870381573,5.5335968379446685,69.34587430525865,7900.0,331536.0
8000.0,7.079735749,6.025736924464814E-7,8000.0,90.9375,78.60044868217875,4.479578392621961,69.00384779820438,8000.0,331536.0
8100.0,7.12615528,6.065550306471623E-7,8100.0,91.0493827160494,78.7150154230509,4.479578392621951,69.00384779820439,8100.0,331536.0
8200.0,7.171966413,6.104842822139378E-7,8200.0,91.15853658536585,78.82561179913132,4.479578392621876,69.00384779820438,8200.0,331544.0
8300.0,7.243045049,6.165807444399925E-7,8300.0,91.24096385542168,78.8796797324869,4.216073781291204,68.91834117144079,8300.0,331544.0
8400.0,7.309058765,6.222427850846035E-7,8400.0,91.27380952380952,78.82606464260921,3.4255599472990186,68.66182129115008,8400.0,331544.0
8500.0,7.366625064,6.271802851141099E-7,8500.0,91.32941176470588,78.82308191784281,2.8985507246377042,68.49080803762291,8500.0,331544.0
8600.0,7.423846237,6.320881834553927E-7,8600.0,91.43023255813954,78.92145366477776,2.8985507246376665,68.49080803762291,8600.0,331544.0
8700.0,7.483891728,6.372383254435762E-7,8700.0,91.52873563218391,79.01668533333753,2.898550724637696,68.49080803762293,8700.0,331544.0
8800.0,7.534901817,6.416134949493078E-7,8800.0,91.625,79.14050760585414,3.407601572739163,68.57142857142857,8800.0,331544.0
8900.0,7.594455638,6.467214660722163E-7,8900.0,91.71910112359551,79.26162231889923,3.6601307189542216,68.65163760102084,8900.0,331544.0
9000.0,7.642502385,6.508424677494334E-7,9000.0,91.72222222222223,79.14676460420033,2.614379084967338,68.3113568694173,9000.0,331544.0
9100.0,7.716601869,6.571981834888624E-7,9100.0,91.76923076923077,79.13187574368277,2.0915032679739007,68.14121650361548,9100.0,331552.0
9200.0,7.792278121,6.636891429392331E-7,9200.0,91.75,78.96623826407185,0.7843137254902312,67.715865589111,9200.0,331552.0
9300.0,7.875237723,6.708048152719604E-7,9300.0,91.6236559139785,78.67823228427659,-0.12853470437019582,67.29638958858104,9300.0,331552.0
9324.0,7.9076773,6.735872466600024E-7,9324.0,91.63449163449164,78.69514095173022,0.25575447570330956,67.3229995810641,9324.0,331552.0
