learning evaluation instances,evaluation time (cpu seconds),model cost (RAM-Hours),classified instances,classifications correct (percent),Kappa Statistic (percent),Kappa Temporal Statistic (percent),Kappa M Statistic (percent),model training instances,model serialized size (bytes)
100.0,8.353330415,5.280411697307442E-5,100.0,100.0,?,?,?,100.0,2.4434896E7
200.0,17.275975778,1.1293986685070276E-4,200.0,99.0,82.81786941580755,50.0,66.66666666666666,200.0,2.6052024E7
300.0,26.125973915,1.7261806920054602E-4,300.0,97.33333333333334,54.33789954337909,-100.0,-33.333333333332966,300.0,2.6066032E7
400.0,34.957872524,2.3218972119156631E-4,400.0,96.75,42.196531791907645,-224.99999999999946,-116.6666666666663,400.0,2.6072816E7
500.0,43.807395057,2.918923354543019E-4,500.0,94.6,25.149700598802315,-350.0,-237.5,500.0,2.6078096E7
600.0,52.670593982,3.5170192777849444E-4,600.0,93.5,24.36974789915967,-387.5000000000005,-289.99999999999847,600.0,2.6084512E7
700.0,61.507685139,4.113686109723021E-4,700.0,93.57142857142857,41.77879639213369,-275.0000000000003,-104.54545454545423,700.0,2.6099064E7
800.0,70.299889851,4.7083583806406407E-4,800.0,90.125,62.17833632555356,-507.6923076923082,35.24590163934425,800.0,2.6144616E7
900.0,79.131956902,5.306125090173955E-4,900.0,87.8888888888889,63.3342303552207,-289.2857142857144,45.771144278607004,900.0,2.6162048E7
1000.0,87.974427231,5.904815147299485E-4,1000.0,86.9,63.4168137441076,-104.68750000000017,49.0272373540856,1000.0,2.6171632E7
1100.0,96.811140003,6.50333941638768E-4,1100.0,82.72727272727273,54.08107217400855,-97.91666666666666,41.53846153846153,1100.0,2.6181432E7
1200.0,105.615499338,7.099837606461708E-4,1200.0,81.75,51.134614097329155,-87.17948717948711,38.997214484679674,1200.0,2.6188688E7
1300.0,114.352738275,7.691897406198635E-4,1300.0,78.6923076923077,44.445130116571114,-121.6,33.89021479713604,1300.0,2.6193512E7
1400.0,123.070009606,8.282824609851023E-4,1400.0,76.5,40.387134182012105,-126.89655172413798,31.171548117154813,1400.0,2.6203288E7
1500.0,131.817120655,8.87589352827279E-4,1500.0,74.33333333333333,36.23716462404768,-115.08379888268168,28.037383177570085,1500.0,2.6208544E7
1600.0,140.543211459,9.467636927355628E-4,1600.0,72.5,33.011585950702624,-97.30941704035872,25.925925925925913,1600.0,2.621296E7
1700.0,149.275456921,0.0010059875946050508,1700.0,70.88235294117648,30.4646596858639,-106.24999999999989,24.196018376722833,1700.0,2.6216424E7
1800.0,158.023835325,0.0010653460984573458,1800.0,70.22222222222221,29.266862170087983,-88.73239436619718,23.42857142857141,1800.0,2.6227552E7
1900.0,166.776075113,0.001124738500450289,1900.0,69.05263157894737,28.36918720955282,-94.70198675496692,23.437499999999993,1900.0,2.6230952E7
2000.0,175.541499362,0.001184228154224924,2000.0,68.89999999999999,27.854279563506783,-86.22754491017963,23.01980198019801,2000.0,2.6234384E7
2100.0,184.266973391,0.0012434592763801296,2100.0,67.61904761904762,26.856552792358674,-83.28840970350406,22.902494331065775,2100.0,2.6239968E7
2200.0,192.980888811,0.0013026172553862578,2200.0,66.13636363636364,25.15093116077708,-87.1859296482412,21.98952879581152,2200.0,2.6242328E7
2300.0,201.723219511,0.0013619744395689391,2300.0,66.04347826086958,25.88298399075756,-91.89189189189185,23.05418719211824,2300.0,2.6245112E7
2400.0,210.463964976,0.001421332799925609,2400.0,65.83333333333333,25.848223974535188,-90.25522041763342,23.220973782771527,2400.0,2.6250392E7
2500.0,219.224502736,0.0014808316253692323,2500.0,65.75999999999999,25.939051300011904,-86.49237472766889,23.434704830053665,2500.0,2.6253064E7
2600.0,227.987012401,0.0015403525300096148,2600.0,64.76923076923077,26.313522718553294,-99.56427015250546,24.794745484400657,2600.0,2.6256896E7
2700.0,236.854906019,0.0016005995515894966,2700.0,64.18518518518519,27.216375521018026,-110.67538126361649,26.63125948406677,2700.0,2.6261376E7
2800.0,245.727452938,0.001660886027798474,2800.0,63.74999999999999,28.09497737597774,-121.13289760348587,26.555716353111418,2800.0,2.6264792E7
2900.0,254.582886509,0.0017210707937599203,2900.0,63.55172413793103,29.14973206658209,-130.28322440087152,23.516642547033275,2900.0,2.6271152E7
3000.0,263.44072444,0.0017812805351127682,3000.0,63.366666666666674,29.983053223073107,-139.43355119825702,20.47756874095515,3000.0,2.627492E7
3100.0,272.287465132,0.0018414223515511804,3100.0,63.58064516129033,31.315791539433718,-145.96949891067536,18.306801736613615,3100.0,2.62782E7
3200.0,281.142935945,0.0019016267792685928,3200.0,64.0625,32.81003058604259,-148.3801295896329,17.14697406340057,3200.0,2.6279624E7
3300.0,290.049686347,0.0019621855301612205,3300.0,64.63636363636364,33.95060161532979,-146.72304439746304,17.874736101337096,3300.0,2.6282096E7
3400.0,298.923054767,0.00202251956919894,3400.0,65.23529411764706,35.42953306754063,-147.79874213836484,17.16888577435178,3400.0,2.628308E7
3500.0,307.79968706,0.0020828780236897353,3500.0,65.97142857142858,36.64173374116085,-145.06172839506166,19.089673913043477,3500.0,2.6284048E7
3600.0,316.681213748,0.0021432733429534723,3600.0,66.38888888888889,37.32599546778893,-145.4361054766735,20.132013201320113,3600.0,2.6285608E7
3700.0,325.540904813,0.0022035260452167647,3700.0,67.08108108108108,38.46941124459018,-145.07042253521132,21.9730941704036,3700.0,2.6288168E7
3800.0,334.398886939,0.0022637699852573836,3800.0,67.63157894736842,39.561256618973424,-137.45173745173753,22.39747634069401,3800.0,2.6289416E7
3900.0,343.284222877,0.002324202020638884,3900.0,68.2051282051282,40.46316115007051,-131.77570093457948,24.251679902260232,3900.0,2.6290312E7
4000.0,352.153639099,0.002384529378711631,4000.0,68.45,41.16600859153429,-135.88785046728967,22.907758094074527,4000.0,2.629188E7
4100.0,361.006482602,0.0024447502247774778,4100.0,69.09756097560975,42.41409615838267,-135.94040968342648,23.072252580449295,4100.0,2.6294592E7
4200.0,369.863352476,0.0025050001829907066,4200.0,69.5952380952381,43.326486102657746,-133.45521023765988,23.44124700239809,4200.0,2.6295344E7
4300.0,378.731616438,0.002565331229896741,4300.0,70.06976744186046,44.23361400765035,-134.85401459854012,22.934131736526943,4300.0,2.6296904E7
4400.0,387.597924377,0.0026256510434468543,4400.0,70.52272727272727,44.987911761643836,-132.4372759856631,24.063231850117088,4400.0,2.6297808E7
4500.0,396.491709094,0.0026861610650891284,4500.0,70.8,45.465562512623706,-134.22459893048125,24.526134405514053,4500.0,2.6299232E7
4600.0,405.38062642,0.002746640711889925,4600.0,71.21739130434783,46.20798249374719,-135.5871886120997,24.21293646250714,4600.0,2.6300424E7
4700.0,414.281298514,0.002807202437389788,4700.0,71.7872340425532,47.145014939195825,-134.69026548672568,25.880380100614868,4700.0,2.6301336E7
4800.0,423.15097752,0.0028676100946180795,4800.0,72.10416666666667,47.683306227503394,-132.06239168110912,26.225895316804422,4800.0,2.6326096E7
4900.0,432.032087539,0.0029280997025016527,4900.0,72.51020408163265,48.36441549923396,-131.04631217838764,26.433642818132185,4900.0,2.632788E7
5000.0,440.915584366,0.0029886078468149384,5000.0,72.96000000000001,49.10137575367235,-128.76480541455163,26.481783578031546,5000.0,2.6328872E7
5100.0,449.809904602,0.0030491939831872356,5100.0,73.4313725490196,49.86059205785393,-128.49915682967955,26.83585313174945,5100.0,2.6330728E7
5200.0,458.700574306,0.0031097581601739464,5200.0,73.82692307692308,50.47201765573336,-127.9731993299833,26.67025862068966,5200.0,2.6331992E7
5300.0,467.590739622,0.0031703210355164507,5300.0,74.24528301886792,51.08667431845202,-126.36815920398013,26.691729323308266,5300.0,2.633292E7
5400.0,476.508230275,0.0032310751542586544,5400.0,74.55555555555556,51.53082022112544,-125.6157635467981,27.070063694267514,5400.0,2.6335128E7
5500.0,485.417933878,0.003291783282836504,5500.0,74.96363636363637,52.15352416918277,-123.90243902439022,27.449947312961022,5500.0,2.6338192E7
5600.0,494.340917103,0.003352587121072878,5600.0,75.41071428571429,52.799167533818945,-123.17666126418145,27.52631578947369,5600.0,2.6340456E7
5700.0,503.246639675,0.0034132758467926576,5700.0,75.73684210526316,53.245236448111235,-120.57416267942587,28.08112324492979,5700.0,2.6341544E7
5800.0,512.156882599,0.003473997497475235,5800.0,76.13793103448275,53.852551912717196,-116.58841940532076,28.62300154718927,5800.0,2.6342464E7
5900.0,521.063894016,0.003534700591630111,5900.0,76.42372881355932,54.31307222085153,-114.99227202472954,29.283172343670564,5900.0,2.6343968E7
6000.0,529.972984499,0.0035954253963091766,6000.0,76.75,54.81222292118409,-112.32876712328763,29.793658782083543,6000.0,2.634724E7
6100.0,538.862916057,0.003656023623707139,6100.0,77.0327868852459,55.2850692597186,-108.7928464977646,30.883078441045868,6100.0,2.6348984E7
6200.0,547.780873945,0.003716816953076175,6200.0,77.32258064516128,55.7554418745822,-104.06386066763436,31.912832929782063,6200.0,2.6350744E7
6300.0,556.681117341,0.0037774921391662904,6300.0,77.61904761904762,56.23661492211715,-101.71673819742495,32.76108726752504,6300.0,2.635188E7
6400.0,565.59935094,0.0038382918516086263,6400.0,77.953125,56.76432612598327,-99.57567185289956,33.41198678621991,6400.0,2.6352696E7
6500.0,574.58356257,0.003899544750791273,6500.0,78.26153846153846,57.28473309992521,-97.8991596638656,34.43155452436195,6500.0,2.6354152E7
6600.0,583.570165823,0.003960821599748203,6600.0,78.43939393939394,57.57500196499863,-97.09141274238227,35.02283105022831,6600.0,2.635744E7
6700.0,592.538790388,0.0040219786418581255,6700.0,78.76119402985074,58.12789838510827,-94.66484268125855,35.98740440845704,6700.0,2.635864E7
6800.0,601.508619256,0.004083148778443429,6800.0,78.95588235294117,58.41948580456252,-93.64005412719898,36.20151582701738,6800.0,2.6360744E7
6900.0,610.458281197,0.004144183793691621,6900.0,79.2463768115942,58.80554078984397,-93.25236167341437,36.21380846325167,6900.0,2.6361784E7
7000.0,619.414051011,0.004205264059260692,7000.0,79.42857142857143,59.11388430024264,-92.25634178905212,36.81439227731461,7000.0,2.6363336E7
7100.0,628.370465983,0.0042663508010050465,7100.0,79.71830985915493,59.541623691513436,-91.4893617021276,37.17277486910995,7100.0,2.6364232E7
7200.0,637.331827744,0.004327472839959821,7200.0,80.0,59.95598557210453,-91.23505976095608,37.52711496746205,7200.0,2.6364904E7
7300.0,646.289219784,0.004388574643579615,7300.0,80.17808219178082,60.25431877909406,-91.14927344782032,38.08301240907145,7300.0,2.6367856E7
7400.0,655.233132234,0.004449585201144727,7400.0,80.44594594594595,60.59371672226634,-91.14927344782026,38.083012409071486,7400.0,2.636816E7
7500.0,664.171197363,0.004510557406789184,7500.0,80.65333333333334,60.83510038738431,-91.1725955204217,37.96494228302693,7500.0,2.6368824E7
7600.0,673.150721529,0.004571813620175358,7600.0,80.9078947368421,61.147521461593904,-91.1725955204216,37.96494228302692,7600.0,2.6369336E7
7700.0,682.121007636,0.004633009189998282,7700.0,81.1038961038961,61.35691168204686,-91.69960474308311,37.79392902949978,7700.0,2.637036E7
7800.0,691.074241443,0.004694089206748017,7800.0,81.34615384615384,61.64524040718703,-91.69960474308299,37.79392902949978,7800.0,2.6370696E7
7900.0,700.011009149,0.00475505820300171,7900.0,81.56962025316456,61.90005521683122,-91.83135704874833,37.751175716117984,7900.0,2.6371264E7
8000.0,708.953006135,0.004816065280621628,8000.0,81.7625,62.10074111364337,-92.22661396574426,37.622915775972665,8000.0,2.6372304E7
8100.0,717.874892182,0.004876936812509124,8100.0,81.98765432098766,62.35754481203713,-92.2266139657443,37.62291577597266,8100.0,2.6373024E7
8200.0,726.815793786,0.004937939396014928,8200.0,82.20731707317073,62.60475313910901,-92.2266139657445,37.62291577597263,8200.0,2.6373592E7
8300.0,735.766989616,0.004999013623590655,8300.0,82.42168674698796,62.842894022976495,-92.22661396574429,37.62291577597266,8300.0,2.63742E7
8400.0,744.766896476,0.00506044367679872,8400.0,82.5952380952381,63.0089722700427,-92.62187088274052,37.4946558358273,8400.0,2.638428E7
8500.0,753.713394615,0.005121510922204057,8500.0,82.74117647058824,63.12600187742604,-93.28063241106706,37.28088926891835,8500.0,2.6385032E7
8600.0,762.680565295,0.005182720295508564,8600.0,82.94186046511628,63.34099781804522,-93.28063241106722,37.28088926891836,8600.0,2.6385472E7
8700.0,771.654132716,0.005243974576893394,8700.0,83.13793103448276,63.548643735024356,-93.28063241106722,37.28088926891836,8700.0,2.6386008E7
8800.0,780.637461049,0.005305297532150265,8800.0,83.32954545454545,63.78359028797846,-92.26736566186119,37.4413646055437,8800.0,2.6386888E7
8900.0,789.60178994,0.005366493110465372,8900.0,83.51685393258427,64.0125860442163,-91.76470588235297,37.601020842194785,8900.0,2.6387888E7
9000.0,798.562847617,0.005427669695877975,9000.0,83.65555555555557,64.12027488763975,-92.28758169934642,37.43088047639305,9000.0,2.6389328E7
9100.0,807.553866215,0.005489054972195028,9100.0,83.79120879120879,64.22304583331024,-92.81045751633977,37.26074011059125,9100.0,2.6391112E7
9200.0,816.523146491,0.005550293670026776,9200.0,83.8913043478261,64.26140632928335,-93.72549019607828,36.96299447043812,9200.0,2.6391904E7
9300.0,825.516757119,0.005611703474222961,9300.0,83.89247311827957,64.25287759793623,-92.5449871465297,37.11167086481945,9300.0,2.6394048E7
9324.0,828.363653248,0.005631142610510841,9324.0,83.92320892320893,64.29601930087956,-91.6879795396419,37.20150816925011,9324.0,2.6394152E7
