learning evaluation instances,evaluation time (cpu seconds),model cost (RAM-Hours),classified instances,classifications correct (percent),Kappa Statistic (percent),Kappa Temporal Statistic (percent),Kappa M Statistic (percent),model training instances,model serialized size (bytes)
100.0,0.059406937,7.991680885768599E-10,100.0,87.0,74.0,86.86868686868688,74.0,100.0,52000.0
200.0,0.127217316,1.7113829528292022E-9,200.0,85.0,70.0,84.92462311557789,70.0,200.0,52000.0
300.0,0.15658329,2.1064268735547864E-9,300.0,84.33333333333334,68.66666666666667,84.28093645484951,68.66666666666667,300.0,52000.0
400.0,0.171889094,2.3123272404902515E-9,400.0,84.5,69.0,84.46115288220551,69.0,400.0,52000.0
500.0,0.198406429,2.6690500239945123E-9,500.0,83.8,67.6,83.76753507014027,67.6,500.0,52000.0
600.0,0.214163197,2.881016955814428E-9,600.0,82.66666666666667,65.33333333333333,82.63772954924875,65.33333333333333,600.0,52000.0
700.0,0.227398732,3.0590671590632866E-9,700.0,82.71428571428572,65.42857142857143,82.689556509299,65.42857142857143,700.0,52000.0
800.0,0.238786275,3.2122573660065733E-9,800.0,82.875,65.75,82.85356695869838,65.75,800.0,52000.0
900.0,0.249461099,3.3558597653690314E-9,900.0,82.11111111111111,64.22222222222223,82.09121245828699,64.22222222222223,900.0,52000.0
1000.0,0.259867096,3.495845786399312E-9,1000.0,82.0,63.99999999999999,81.98198198198197,63.99999999999999,1000.0,52000.0
1100.0,0.270572283,3.6398566421121364E-9,1100.0,82.0909090909091,64.18181818181819,82.07461328480437,64.18181818181819,1100.0,52000.0
1200.0,0.282748524,3.803656759361427E-9,1200.0,81.83333333333334,63.66666666666667,81.81818181818183,63.66666666666667,1200.0,52000.0
1300.0,0.292736625,3.9380210607002185E-9,1300.0,81.92307692307692,63.84615384615384,81.90916089299462,63.84615384615384,1300.0,52000.0
1400.0,0.302819546,4.073660922133261E-9,1400.0,79.92857142857143,59.857142857142854,79.91422444603288,59.857142857142854,1400.0,52000.0
1500.0,0.312655309,4.205975906095572E-9,1500.0,78.66666666666666,57.33333333333333,78.65243495663775,57.33333333333333,1500.0,52000.0
1600.0,0.322098672,4.333012153704962E-9,1600.0,77.75,55.49999999999999,77.73608505315822,55.49999999999999,1600.0,52000.0
1700.0,0.332840615,4.477517467199101E-9,1700.0,76.41176470588236,52.82352941176471,76.39788110653326,52.82352941176471,1700.0,52000.0
1800.0,0.343421186,4.6198519339991946E-9,1800.0,75.77777777777777,51.55555555555556,75.76431350750417,51.55555555555556,1800.0,52000.0
1900.0,0.35265049,4.744008566356368E-9,1900.0,75.26315789473685,50.526315789473685,75.25013164823592,50.526315789473685,1900.0,52000.0
2000.0,0.362299939,4.8738171729362675E-9,2000.0,74.8,49.6,74.78739369684843,49.6,2000.0,52000.0
2100.0,0.371956933,5.003727278154758E-9,2100.0,74.71428571428571,49.42857142857142,74.70223916150547,49.42857142857142,2100.0,52000.0
2200.0,0.383849297,5.163708557892177E-9,2200.0,74.81818181818181,49.63636363636363,74.80673033196908,49.63636363636363,2200.0,52000.0
2300.0,0.39404826,5.300909467041493E-9,2300.0,75.17391304347825,50.347826086956516,75.16311439756416,50.347826086956516,2300.0,52000.0
2400.0,0.404100146,5.436131832086378E-9,2400.0,75.16666666666667,50.33333333333334,75.15631513130472,50.33333333333334,2400.0,52000.0
2500.0,0.413031837,5.556284844254454E-9,2500.0,75.24,50.47999999999999,75.23009203681472,50.47999999999999,2500.0,52000.0
2600.0,0.423328537,5.6948005542573E-9,2600.0,75.3076923076923,50.61538461538462,75.29819161215853,50.61538461538462,2600.0,52000.0
2700.0,0.432429185,5.8172264498555E-9,2700.0,75.33333333333333,50.66666666666666,75.32419414597999,50.66666666666666,2700.0,52000.0
2800.0,0.44180293,5.943326165692674E-9,2800.0,75.28571428571429,50.57142857142858,75.27688460164345,50.57142857142858,2800.0,52000.0
2900.0,0.450462197,6.059814411112004E-9,2900.0,75.3103448275862,50.62068965517241,75.30182821662642,50.62068965517241,2900.0,52000.0
3000.0,0.459085172,6.175814440680875E-9,3000.0,75.3,50.6,75.29176392130711,50.6,3000.0,52000.0
3100.0,0.467760549,6.292519404863318E-9,3100.0,75.32258064516128,50.64516129032257,75.31461761858664,50.64516129032257,3100.0,52000.0
3200.0,0.483630096,6.50600348909696E-9,3200.0,75.3125,50.62500000000001,75.30478274460769,50.62500000000001,3200.0,52000.0
3300.0,0.50160428,6.747800070378515E-9,3300.0,75.45454545454545,50.90909090909091,75.44710518338891,50.90909090909091,3300.0,52000.0
3400.0,0.511494259,6.880844391675459E-9,3400.0,75.55882352941177,51.117647058823536,75.55163283318623,51.117647058823536,3400.0,52000.0
3500.0,0.522476519,7.028582554517521E-9,3500.0,75.57142857142857,51.14285714285713,75.56444698485281,51.14285714285713,3500.0,52000.0
3600.0,0.530756834,7.139972971959247E-9,3600.0,75.63888888888889,51.27777777777778,75.6321200333426,51.27777777777778,3600.0,52000.0
3700.0,0.539344089,7.255492480471731E-9,3700.0,74.97297297297297,49.607532366372155,74.28492085531798,49.008810572687224,3700.0,52000.0
3800.0,0.548059687,7.372738515130348E-9,3800.0,74.23684210526315,48.62828319428733,72.81310747014717,48.03609341825902,3800.0,52000.0
3900.0,0.556615223,7.487831325787637E-9,3900.0,73.7948717948718,47.87573139144779,71.6426193118757,46.7430953621678,3900.0,52000.0
4000.0,0.565117314,7.602205170939365E-9,4000.0,73.475,47.41130800616987,70.57681641708264,45.56182657773217,4000.0,52000.0
4100.0,0.572832957,7.705999373768766E-9,4100.0,73.5609756097561,47.13094619237892,69.9389905712701,47.096144460712544,4100.0,52000.0
4200.0,0.580936291,7.815008965424364E-9,4200.0,73.16666666666667,46.64215547024433,68.7551982256723,45.370819195346584,4200.0,52000.0
4300.0,0.588624672,7.91843642791112E-9,4300.0,72.95348837209302,46.30563345802499,67.76607538802661,44.64540694907188,4300.0,52000.0
4400.0,0.596532955,8.024822108240589E-9,4400.0,72.63636363636363,45.695628178244945,66.63895816015516,43.869463869463864,4400.0,52000.0
4500.0,0.604046246,8.125894183499943E-9,4500.0,72.4888888888889,45.73801366260519,65.69686893876421,42.284382284382296,4500.0,52000.0
4600.0,0.611563247,8.227016167301268E-9,4600.0,72.71739130434783,46.30950131171105,65.283540802213,42.05909510618651,4600.0,52000.0
4700.0,0.620103177,8.341899039223787E-9,4700.0,71.17021276595744,43.2983118682772,62.52765486725663,38.604440416855454,4700.0,52000.0
4800.0,0.627488619,8.441251233840978E-9,4800.0,71.75,44.32888110356909,62.510367708045344,40.29062087186263,4800.0,52000.0
4900.0,0.635411967,8.547839575136698E-9,4900.0,71.87755102040816,44.80589120804815,61.90212883605197,39.321884632320554,4900.0,52000.0
5000.0,0.642741793,8.646443599007192E-9,5000.0,72.44,46.04521614490017,61.90212883605197,39.32188463232058,5000.0,52000.0
5100.0,0.650027812,8.744458311961754E-9,5100.0,72.98039215686275,47.184622802703565,61.902128836051986,39.321884632320575,5100.0,52000.0
5200.0,0.657295752,8.842229818304377E-9,5200.0,73.03846153846155,47.39400292787905,61.23859552115013,38.26508146191106,5200.0,52000.0
5300.0,0.664673924,8.941484213703206E-9,5300.0,71.81132075471697,45.18948467649391,58.70646766169154,34.53111305872041,5300.0,52000.0
5400.0,0.673018049,9.053733031161954E-9,5400.0,70.85185185185185,42.985467049482494,56.495301271420686,33.92107472712008,5400.0,52000.0
5500.0,0.68556597,9.222533150265611E-9,5500.0,70.21818181818182,41.475685807649164,54.726368159203965,34.00483481063657,5500.0,52000.0
5600.0,0.697392505,9.381628869515324E-9,5600.0,69.82142857142857,40.46837999138728,53.28911000552791,34.54686289697908,5600.0,52000.0
5700.0,0.708170568,9.526620085040726E-9,5700.0,70.3157894736842,41.41462148757438,53.246753246753244,35.68985176738883,5700.0,52000.0
5800.0,0.715331311,9.622949530474012E-9,5800.0,70.82758620689656,42.47639877027887,53.246753246753244,35.68985176738883,5800.0,52000.0
5900.0,0.72254264,9.719959480894934E-9,5900.0,70.32203389830508,41.618992055223494,51.616468637745214,33.44735841885214,5900.0,52000.0
6000.0,0.72961362,9.815081395208834E-9,6000.0,70.25,41.553900073868014,50.67698259187622,32.15507411630559,6000.0,52000.0
6100.0,0.737289112,9.918335469232664E-9,6100.0,70.73770491803279,42.48588993504922,50.6769825918762,32.155074116305585,6100.0,52000.0
6200.0,0.744598911,1.0016670081143576E-8,6200.0,70.8225806451613,42.56575866782957,50.02762430939227,33.04959289415248,6200.0,52000.0
6300.0,0.751678408,1.0111906569865013E-8,6300.0,71.28571428571429,43.437809134877945,50.02762430939227,35.4389721627409,6300.0,52000.0
6400.0,0.758764626,1.0207233472416796E-8,6400.0,70.703125,42.40781410778185,48.21872410936206,33.6987270155587,6400.0,52000.0
6500.0,0.765877815,1.0302923200652E-8,6500.0,69.61538461538461,40.48794553493861,45.45705606186136,30.162659123055146,6500.0,52000.0
6600.0,0.773282009,1.0402527655371358E-8,6600.0,69.28787878787878,39.92909062498316,44.036443953616775,29.5201668984701,6600.0,52000.0
6700.0,0.780809999,1.0503797468004953E-8,6700.0,69.73134328358209,40.787872190424274,44.02428926304169,29.48539638386649,6700.0,52000.0
6800.0,0.788070934,1.0601474740025067E-8,6800.0,68.98529411764706,39.50864886451965,41.788573005796295,26.668984700973574,6800.0,52000.0
6900.0,0.795402897,1.0700107511753834E-8,6900.0,68.88405797101449,39.318682290949845,40.75607064017659,25.991037573250587,6900.0,52000.0
7000.0,0.802623803,1.0797246296165715E-8,7000.0,68.82857142857142,39.09613949910821,39.823496966354114,26.233941852603117,7000.0,52000.0
7100.0,0.809701199,1.0892454521316618E-8,7100.0,68.64788732394366,38.66083094730021,38.694574497383634,25.75050033355568,7100.0,52000.0
7200.0,0.816820137,1.0988221587613222E-8,7200.0,68.69444444444444,38.74507574771071,37.957610789980734,25.95269382391591,7200.0,52000.0
7300.0,0.824334172,1.1089303671485845E-8,7300.0,69.05479452054794,39.415779825789365,37.837094111172256,26.845854922279788,7300.0,52000.0
7400.0,0.831587561,1.1186879431414932E-8,7400.0,69.47297297297297,40.20039232514822,37.83709411117225,29.140526976160597,7400.0,52000.0
7500.0,0.839851393,1.1298048112334474E-8,7500.0,69.88,40.94480778593692,37.83709411117226,31.295620437956202,7500.0,52000.0
7600.0,0.850038392,1.1435088076525262E-8,7600.0,70.14473684210526,41.444286434160645,37.57909215955982,31.408706166868182,7600.0,52000.0
7700.0,0.859063443,1.1556497008229293E-8,7700.0,69.48051948051948,40.29255230514302,35.35075653370013,28.960096735187424,7700.0,52000.0
7800.0,0.866902846,1.166195608468519E-8,7800.0,69.52564102564102,40.4011930690695,34.64393731097058,28.768354809709322,7800.0,52000.0
7900.0,0.874644671,1.1766102499225071E-8,7900.0,69.49367088607595,40.38115602375786,33.754810335349106,27.801078490113863,7900.0,52000.0
8000.0,0.88230159,1.1869106721132992E-8,8000.0,69.5125,40.31822206539816,32.957669048927976,29.057591623036643,8000.0,52000.0
8100.0,0.890032042,1.1973100141104723E-8,8100.0,69.88888888888889,41.005496466523105,32.957669048927976,31.062747314867163,8100.0,52000.0
8200.0,0.897727032,1.2076616510748863E-8,8200.0,70.1341463414634,41.46974029466994,32.70129156361636,31.89655172413791,8200.0,52000.0
8300.0,0.906152616,1.2189961150288582E-8,8300.0,69.3012048192771,40.01799879800022,29.980763946139042,29.143492769744157,8300.0,52000.0
8400.0,0.918287985,1.2353211439525088E-8,8400.0,68.47619047619048,38.59999983437636,27.232756251717504,26.362625139043388,8400.0,52000.0
8500.0,0.928952586,1.2496676314622165E-8,8500.0,67.81176470588235,37.48359871889763,24.81450948062653,23.915461624026676,8500.0,52000.0
8600.0,0.936720584,1.260117481980059E-8,8600.0,67.66279069767441,37.276338163007544,23.577906018136837,22.66407119021133,8600.0,52000.0
8700.0,0.945325142,1.2716927095833753E-8,8700.0,67.28735632183907,36.67386727062326,21.791701016762833,20.85650723025583,8700.0,52000.0
8800.0,0.953084963,1.2821315600433285E-8,8800.0,66.55681818181817,35.46901723457439,19.12613355317395,18.159065628476085,8800.0,52000.0
8900.0,0.960819184,1.2925359722640781E-8,8900.0,65.80898876404494,34.2518543838328,16.378125858752394,15.378197997775295,8900.0,52000.0
9000.0,0.969691193,1.304470986645255E-8,9000.0,65.28888888888889,33.4305120949486,14.152239626270942,13.125695216907665,9000.0,52000.0
9100.0,0.977648525,1.3151755375373696E-8,9100.0,65.62637362637362,34.03235809151594,14.065934065934066,13.61502347417839,9100.0,52000.0
9200.0,0.985272923,1.3254322110571796E-8,9200.0,66.0,34.68311633366956,14.065934065934085,15.93657618919645,9200.0,52000.0
9300.0,0.993076893,1.3359304526820779E-8,9300.0,66.36559139784947,35.307570578047496,14.065934065934066,18.136613451975936,9300.0,52000.0
9400.0,1.000913355,1.3464724039658905E-8,9400.0,66.7127659574468,35.88461943244963,14.038461538461537,20.19892884468247,9400.0,52000.0
9500.0,1.008504908,1.3566848929557535E-8,9500.0,67.06315789473685,36.46141544613362,14.038461538461558,22.183536433722974,9500.0,52000.0
9600.0,1.016381988,1.36728148534894E-8,9600.0,67.13541666666667,36.518555872599485,14.126292868807845,22.841770604059676,9600.0,52000.0
9700.0,1.024242766,1.377856147579021E-8,9700.0,67.11340206185567,36.41474771801626,14.408371344244689,22.928243537086242,9700.0,52000.0
9800.0,1.032185003,1.388540392017199E-8,9800.0,67.12244897959184,36.36527792780665,14.784448558582403,23.120973514674308,9800.0,52000.0
9900.0,1.040062209,1.399137153911094E-8,9900.0,67.15151515151516,36.36041038272468,15.202086049543675,23.356115955691735,9900.0,52000.0
10000.0,1.047767805,1.4095030585303904E-8,10000.0,67.2,36.397749240447574,15.681233933161968,23.64990689013036,10000.0,52000.0
10100.0,1.055778801,1.4202798005814355E-8,10100.0,67.2871287128713,36.5130605547037,16.248415716096336,24.011039558417682,10100.0,52000.0
10200.0,1.063515696,1.4306878099838895E-8,10200.0,67.38235294117646,36.69602946357966,16.741741741741734,24.351978171896313,10200.0,52000.0
10300.0,1.071380851,1.441268360345728E-8,10300.0,67.45631067961165,36.846029362564806,17.173214726958257,24.60638776428251,10300.0,52000.0
10400.0,1.079311955,1.4519376281855836E-8,10400.0,67.52884615384616,36.98752847966068,17.593948267447544,24.88879003558719,10400.0,52000.0
10500.0,1.087197075,1.4625450363382698E-8,10500.0,67.58095238095238,37.09745459575585,17.956134008194756,25.088028169014105,10500.0,52000.0
10600.0,1.094937305,1.4729575321285262E-8,10600.0,67.65094339622641,37.23627854097323,18.35714285714286,25.359164127122334,10600.0,52000.0
10700.0,1.103859972,1.4849606938660145E-8,10700.0,67.7196261682243,37.37443003695706,18.748529757704073,25.59241706161138,10700.0,52000.0
10800.0,1.11201706,1.4959339652624394E-8,10800.0,67.66666666666666,37.289421650487284,18.885017421602786,25.62300319488817,10800.0,52000.0
10900.0,1.119709572,1.5062822687129178E-8,10900.0,67.55045871559633,37.09173912109849,18.820289189809493,25.48978302085527,10900.0,52000.0
11000.0,1.129704309,1.5197276258841154E-8,11000.0,67.48181818181818,36.9665134182012,18.907277261391993,25.58768462658625,11000.0,52000.0
11100.0,1.141982221,1.5362444098831875E-8,11100.0,67.43243243243244,36.870339592624774,19.055082848186295,25.754775107825008,11100.0,52000.0
11200.0,1.151259279,1.548724313887457E-8,11200.0,67.41071428571429,36.816435516520244,19.104609929078016,26.023510336441024,11200.0,52000.0
11300.0,1.159111541,1.5592875200220278E-8,11300.0,67.41592920353983,36.76547115625449,19.094704460558127,26.52165236479746,11300.0,52000.0
11400.0,1.167337376,1.5703532728883954E-8,11400.0,67.28947368421052,36.48852190034895,19.145706851691223,26.536643026004707,11400.0,52000.0
11500.0,1.176776982,1.5830518435686825E-8,11500.0,67.13043478260869,36.137968080266766,19.12708600770219,26.487747957993,11500.0,52000.0
11600.0,1.189240588,1.5998184312548902E-8,11600.0,66.99137931034483,35.83133501520293,19.151182432432414,26.464374879969256,11600.0,52000.0
11700.0,1.201654627,1.6165183392456836E-8,11700.0,66.90598290598291,35.621695493166264,19.232373800584064,26.59715639810426,11700.0,52000.0
11800.0,1.213501417,1.6324551590821807E-8,11800.0,67.17796610169492,36.02352918119627,19.24520433694747,27.917364600781685,11800.0,52000.0
11900.0,1.225803553,1.6490045302650992E-8,11900.0,67.16806722689076,36.02149833318178,19.326863514350613,27.875207679527414,11900.0,52000.0
12000.0,1.237827359,1.6651794797637393E-8,12000.0,67.19166666666668,36.07864486077664,19.50521365773871,27.92017575979497,12000.0,52000.0
12100.0,1.249624158,1.6810490495214858E-8,12100.0,67.24793388429752,36.19556119107046,19.74483596597813,28.0370437624841,12100.0,52000.0
12200.0,1.261000291,1.696352720984982E-8,12200.0,67.31147540983606,36.32560016435548,20.0,28.170028818443804,12200.0,52000.0
12300.0,1.272608702,1.7119688629690143E-8,12300.0,67.3658536585366,36.43857667892781,20.23052464228935,28.283008754690027,12300.0,52000.0
12400.0,1.284499604,1.7279650241964392E-8,12400.0,67.42741935483872,36.56452702172105,20.429472025216704,28.41191066997519,12400.0,52000.0
12500.0,1.293579926,1.740180270332429E-8,12500.0,67.488,36.67800604027004,20.717908700741326,28.601546029515113,12500.0,52000.0
12600.0,1.300955984,1.7501028660270902E-8,12600.0,67.54761904761905,36.78956133491125,21.00077279752705,28.787878787878785,12600.0,52000.0
12700.0,1.308637787,1.760436763262583E-8,12700.0,67.6771653543307,37.025488167674645,21.480489671002278,29.150845702450802,12700.0,52000.0
12800.0,1.318681938,1.773948594306906E-8,12800.0,67.8046875,37.270213483536246,21.92118226600987,29.43493150684933,12800.0,52000.0
12900.0,1.331049678,1.7905862188587585E-8,12900.0,67.96124031007751,37.55405312971721,22.486871717929482,29.865942643814698,12900.0,52000.0
13000.0,1.343655873,1.8075446235015986E-8,13000.0,68.10000000000001,37.80530900924207,22.989786443825444,30.25563403969056,13000.0,52000.0
13100.0,1.356029868,1.824190662552913E-8,13100.0,68.24427480916032,38.06493049204536,23.501287237955147,30.666666666666675,13100.0,52000.0
13200.0,1.36829735,1.840693415659997E-8,13200.0,67.9621212121212,37.61017979124532,22.588321435108895,29.727484214024585,13200.0,52000.0
13300.0,1.380151713,1.8566404230271775E-8,13300.0,67.54135338345864,36.91786240084378,21.12187100310616,28.39608558633273,13300.0,52000.0
13400.0,1.38769641,1.8667898792773485E-8,13400.0,67.43283582089552,36.72643731828798,21.49667206332073,28.17643186306781,13400.0,52000.0
13500.0,1.39533804,1.8770697340369224E-8,13500.0,67.31851851851852,36.51217579047522,21.856181367339726,28.00261096605745,13500.0,52000.0
13600.0,1.402791805,1.887096864585247E-8,13600.0,67.22794117647058,36.33615759063332,21.07313617850184,27.915251496037506,13600.0,52000.0
13700.0,1.410314749,1.897217057748801E-8,13700.0,66.73722627737226,35.54831007276504,19.30228439879583,26.29791363415818,13700.0,52000.0
13800.0,1.417987082,1.907538215526276E-8,13800.0,66.61594202898551,35.32801436295338,18.445742609311385,26.086956521739136,13800.0,52000.0
13900.0,1.426898808,1.919526658952236E-8,13900.0,66.7841726618705,35.54556881673521,18.28318584070796,26.980863514154667,13900.0,52000.0
13910.0,1.42912898,1.922526783827278E-8,13910.0,66.80805176132279,35.57786906648297,18.28318584070796,27.096162955945037,13910.0,52000.0
