learning evaluation instances,evaluation time (cpu seconds),model cost (RAM-Hours),classified instances,classifications correct (percent),Kappa Statistic (percent),Kappa Temporal Statistic (percent),Kappa M Statistic (percent),model training instances,model serialized size (bytes)
100.0,0.071245359,9.584237169474363E-10,100.0,87.0,74.0,86.86868686868688,74.0,100.0,52000.0
200.0,0.157334865,2.116537389035026E-9,200.0,85.0,70.0,84.92462311557789,70.0,200.0,52000.0
300.0,0.188005639,2.529134049804674E-9,300.0,84.33333333333334,68.66666666666667,84.28093645484951,68.66666666666667,300.0,52000.0
400.0,0.217660651,2.9280662360704607E-9,400.0,84.5,69.0,84.46115288220551,69.0,400.0,52000.0
500.0,0.247443592,3.328719379173385E-9,500.0,83.8,67.6,83.76753507014027,67.6,500.0,52000.0
600.0,0.272832308,3.6702594864699576E-9,600.0,82.66666666666667,65.33333333333333,82.63772954924875,65.33333333333333,600.0,52000.0
700.0,0.294765463,3.965313876461652E-9,700.0,82.71428571428572,65.42857142857143,82.689556509299,65.42857142857143,700.0,52000.0
800.0,0.311659132,4.192574897574054E-9,800.0,82.875,65.75,82.85356695869838,65.75,800.0,52000.0
900.0,0.326909055,4.397723528866967E-9,900.0,82.11111111111111,64.22222222222223,82.09121245828699,64.22222222222223,900.0,52000.0
1000.0,0.342986617,4.614005921822455E-9,1000.0,82.0,63.99999999999999,81.98198198198197,63.99999999999999,1000.0,52000.0
1100.0,0.354015923,4.7623769680245055E-9,1100.0,82.0909090909091,64.18181818181819,82.07461328480437,64.18181818181819,1100.0,52000.0
1200.0,0.364693446,4.906015675514936E-9,1200.0,81.83333333333334,63.66666666666667,81.81818181818183,63.66666666666667,1200.0,52000.0
1300.0,0.380397837,5.11727800903221E-9,1300.0,81.92307692307692,63.84615384615384,81.90916089299462,63.84615384615384,1300.0,52000.0
1400.0,0.389770665,5.243365388984481E-9,1400.0,79.92857142857143,59.857142857142854,79.91422444603288,59.857142857142854,1400.0,52000.0
1500.0,0.399100185,5.368870170786977E-9,1500.0,78.66666666666666,57.33333333333333,78.65243495663775,57.33333333333333,1500.0,52000.0
1600.0,0.407674636,5.484217434293694E-9,1600.0,77.75,55.49999999999999,77.73608505315822,55.49999999999999,1600.0,52000.0
1700.0,0.416142116,5.598125677141878E-9,1700.0,76.41176470588236,52.82352941176471,76.39788110653326,52.82352941176471,1700.0,52000.0
1800.0,0.424745802,5.713866222649813E-9,1800.0,75.77777777777777,51.55555555555556,75.76431350750417,51.55555555555556,1800.0,52000.0
1900.0,0.432865265,5.823092788664831E-9,1900.0,75.26315789473685,50.526315789473685,75.25013164823592,50.526315789473685,1900.0,52000.0
2000.0,0.441192404,5.935113103025489E-9,2000.0,74.8,49.6,74.78739369684843,49.6,2000.0,52000.0
2100.0,0.449511299,6.0470225154939615E-9,2100.0,74.71428571428571,49.42857142857142,74.70223916150547,49.42857142857142,2100.0,52000.0
2200.0,0.460250017,6.191484444878167E-9,2200.0,74.81818181818181,49.63636363636363,74.80673033196908,49.63636363636363,2200.0,52000.0
2300.0,0.470002124,6.3226740517550036E-9,2300.0,75.17391304347825,50.347826086956516,75.16311439756416,50.347826086956516,2300.0,52000.0
2400.0,0.479000716,6.443727045423454E-9,2400.0,75.16666666666667,50.33333333333334,75.15631513130472,50.33333333333334,2400.0,52000.0
2500.0,0.487471757,6.557683192400468E-9,2500.0,75.24,50.47999999999999,75.23009203681472,50.47999999999999,2500.0,52000.0
2600.0,0.49742091,6.6915235482156275E-9,2600.0,75.3076923076923,50.61538461538462,75.29819161215853,50.61538461538462,2600.0,52000.0
2700.0,0.506347075,6.811602222215798E-9,2700.0,75.33333333333333,50.66666666666666,75.32419414597999,50.66666666666666,2700.0,52000.0
2800.0,0.514612567,6.922793234181073E-9,2800.0,75.28571428571429,50.57142857142858,75.27688460164345,50.57142857142858,2800.0,52000.0
2900.0,0.522408764,7.027671084635787E-9,2900.0,75.3103448275862,50.62068965517241,75.30182821662642,50.62068965517241,2900.0,52000.0
3000.0,0.530238288,7.132997264464696E-9,3000.0,75.3,50.6,75.29176392130711,50.6,3000.0,52000.0
3100.0,0.537940456,7.236610195702976E-9,3100.0,75.32258064516128,50.64516129032257,75.31461761858664,50.64516129032257,3100.0,52000.0
3200.0,0.545945267,7.3442944128894135E-9,3200.0,75.3125,50.62500000000001,75.30478274460769,50.62500000000001,3200.0,52000.0
3300.0,0.5544788,7.459091229571236E-9,3300.0,75.45454545454545,50.90909090909091,75.44710518338891,50.90909090909091,3300.0,52000.0
3400.0,0.56347913,7.58016760357552E-9,3400.0,75.55882352941177,51.117647058823536,75.55163283318623,51.117647058823536,3400.0,52000.0
3500.0,0.571446518,7.687348390205038E-9,3500.0,75.57142857142857,51.14285714285713,75.56444698485281,51.14285714285713,3500.0,52000.0
3600.0,0.579220647,7.791929372275869E-9,3600.0,75.63888888888889,51.27777777777778,75.6321200333426,51.27777777777778,3600.0,52000.0
3700.0,0.588110109,7.911514301473896E-9,3700.0,74.97297297297297,49.607532366372155,74.28492085531798,49.008810572687224,3700.0,52000.0
3800.0,0.597092932,8.032355163660314E-9,3800.0,74.23684210526315,48.62828319428733,72.81310747014717,48.03609341825902,3800.0,52000.0
3900.0,0.604782194,8.135794477744234E-9,3900.0,73.7948717948718,47.87573139144779,71.6426193118757,46.7430953621678,3900.0,52000.0
4000.0,0.612753072,8.24302221337954E-9,4000.0,73.475,47.41130800616987,70.57681641708264,45.56182657773217,4000.0,52000.0
4100.0,0.620649298,8.349245697673822E-9,4100.0,73.5609756097561,47.13094619237892,69.9389905712701,47.096144460712544,4100.0,52000.0
4200.0,0.629082608,8.462694270743262E-9,4200.0,73.16666666666667,46.64215547024433,68.7551982256723,45.370819195346584,4200.0,52000.0
4300.0,0.635587005,8.550194262837367E-9,4300.0,72.95348837209302,46.30563345802499,67.76607538802661,44.64540694907188,4300.0,52000.0
4400.0,0.643469887,8.6562382378098E-9,4400.0,72.63636363636363,45.695628178244945,66.63895816015516,43.869463869463864,4400.0,52000.0
4500.0,0.649806218,8.741477332595319E-9,4500.0,72.4888888888889,45.73801366260519,65.69686893876421,42.284382284382296,4500.0,52000.0
4600.0,0.656387993,8.830018247374226E-9,4600.0,72.71739130434783,46.30950131171105,65.283540802213,42.05909510618651,4600.0,52000.0
4700.0,0.662922582,8.91792439545194E-9,4700.0,71.17021276595744,43.2983118682772,62.52765486725663,38.604440416855454,4700.0,52000.0
4800.0,0.669185262,9.002172704786058E-9,4800.0,71.75,44.32888110356909,62.510367708045344,40.29062087186263,4800.0,52000.0
4900.0,0.676169156,9.096123100154925E-9,4900.0,71.87755102040816,44.80589120804815,61.90212883605197,39.321884632320554,4900.0,52000.0
5000.0,0.682502573,9.181322994538474E-9,5000.0,72.44,46.04521614490017,61.90212883605197,39.32188463232058,5000.0,52000.0
5100.0,0.688708084,9.264802241490942E-9,5100.0,72.98039215686275,47.184622802703565,61.902128836051986,39.321884632320575,5100.0,52000.0
5200.0,0.694792309,9.346649896146518E-9,5200.0,73.03846153846155,47.39400292787905,61.23859552115013,38.26508146191106,5200.0,52000.0
5300.0,0.701008927,9.430278559318842E-9,5300.0,71.81132075471697,45.18948467649391,58.70646766169154,34.53111305872041,5300.0,52000.0
5400.0,0.708236077,9.527501340748531E-9,5400.0,70.85185185185185,42.985467049482494,56.495301271420686,33.92107472712008,5400.0,52000.0
5500.0,0.717714001,9.655002518039607E-9,5500.0,70.21818181818182,41.475685807649164,54.726368159203965,34.00483481063657,5500.0,52000.0
5600.0,0.727481007,9.78639255277812E-9,5600.0,69.82142857142857,40.46837999138728,53.28911000552791,34.54686289697908,5600.0,52000.0
5700.0,0.738930257,9.940412869263022E-9,5700.0,70.3157894736842,41.41462148757438,53.246753246753244,35.68985176738883,5700.0,52000.0
5800.0,0.749028844,1.0076263476577066E-8,5800.0,70.82758620689656,42.47639877027887,53.246753246753244,35.68985176738883,5800.0,52000.0
5900.0,0.755221243,1.0159566335173113E-8,5900.0,70.32203389830508,41.618992055223494,51.616468637745214,33.44735841885214,5900.0,52000.0
6000.0,0.761191132,1.023987589197026E-8,6000.0,70.25,41.553900073868014,50.67698259187622,32.15507411630559,6000.0,52000.0
6100.0,0.767196037,1.0320656499308012E-8,6100.0,70.73770491803279,42.48588993504922,50.6769825918762,32.155074116305585,6100.0,52000.0
6200.0,0.773544556,1.0406059552397989E-8,6200.0,70.8225806451613,42.56575866782957,50.02762430939227,33.04959289415248,6200.0,52000.0
6300.0,0.77970967,1.0488995361245337E-8,6300.0,71.28571428571429,43.437809134877945,50.02762430939227,35.4389721627409,6300.0,52000.0
6400.0,0.786077532,1.0574658624827858E-8,6400.0,70.703125,42.40781410778185,48.21872410936206,33.6987270155587,6400.0,52000.0
6500.0,0.794109407,1.0682706918774376E-8,6500.0,69.61538461538461,40.48794553493861,45.45705606186136,30.162659123055146,6500.0,52000.0
6600.0,0.802983607,1.0802086536876025E-8,6600.0,69.28787878787878,39.92909062498316,44.036443953616775,29.5201668984701,6600.0,52000.0
6700.0,0.813719742,1.0946513718614971E-8,6700.0,69.73134328358209,40.787872190424274,44.02428926304169,29.48539638386649,6700.0,52000.0
6800.0,0.824214577,1.1087694827260238E-8,6800.0,68.98529411764706,39.50864886451965,41.788573005796295,26.668984700973574,6800.0,52000.0
6900.0,0.833933546,1.121843864727351E-8,6900.0,68.88405797101449,39.318682290949845,40.75607064017659,25.991037573250587,6900.0,52000.0
7000.0,0.841316563,1.1317758219730519E-8,7000.0,68.82857142857142,39.09613949910821,39.823496966354114,26.233941852603117,7000.0,52000.0
7100.0,0.847422813,1.139990216431518E-8,7100.0,68.64788732394366,38.66083094730021,38.694574497383634,25.75050033355568,7100.0,52000.0
7200.0,0.853380533,1.1480048018404174E-8,7200.0,68.69444444444444,38.74507574771071,37.957610789980734,25.95269382391591,7200.0,52000.0
7300.0,0.859322416,1.155998082624541E-8,7300.0,69.05479452054794,39.415779825789365,37.837094111172256,26.845854922279788,7300.0,52000.0
7400.0,0.865178547,1.1638760060692823E-8,7400.0,69.47297297297297,40.20039232514822,37.83709411117225,29.140526976160597,7400.0,52000.0
7500.0,0.871089288,1.1718273932735121E-8,7500.0,69.88,40.94480778593692,37.83709411117226,31.295620437956202,7500.0,52000.0
7600.0,0.877162693,1.1799976032020312E-8,7600.0,70.14473684210526,41.444286434160645,37.57909215955982,31.408706166868182,7600.0,52000.0
7700.0,0.883181232,1.1880940049886698E-8,7700.0,69.48051948051948,40.29255230514302,35.35075653370013,28.960096735187424,7700.0,52000.0
7800.0,0.889109749,1.1960693052452466E-8,7800.0,69.52564102564102,40.4011930690695,34.64393731097058,28.768354809709322,7800.0,52000.0
7900.0,0.895096579,1.204123050698803E-8,7900.0,69.49367088607595,40.38115602375786,33.754810335349106,27.801078490113863,7900.0,52000.0
8000.0,0.901511036,1.2127520586881366E-8,8000.0,69.5125,40.31822206539816,32.957669048927976,29.057591623036643,8000.0,52000.0
8100.0,0.907649535,1.2210098359112932E-8,8100.0,69.88888888888889,41.005496466523105,32.957669048927976,31.062747314867163,8100.0,52000.0
8200.0,0.913685391,1.2291295332834118E-8,8200.0,70.1341463414634,41.46974029466994,32.70129156361636,31.89655172413791,8200.0,52000.0
8300.0,0.919821287,1.237383808837168E-8,8300.0,69.3012048192771,40.01799879800022,29.980763946139042,29.143492769744157,8300.0,52000.0
8400.0,0.925612334,1.2451741784397092E-8,8400.0,68.47619047619048,38.59999983437636,27.232756251717504,26.362625139043388,8400.0,52000.0
8500.0,0.931531388,1.2531367486549742E-8,8500.0,67.81176470588235,37.48359871889763,24.81450948062653,23.915461624026676,8500.0,52000.0
8600.0,0.937489381,1.261151701315409E-8,8600.0,67.66279069767441,37.276338163007544,23.577906018136837,22.66407119021133,8600.0,52000.0
8700.0,0.943490662,1.2692248868859471E-8,8700.0,67.28735632183907,36.67386727062326,21.791701016762833,20.85650723025583,8700.0,52000.0
8800.0,0.949441372,1.2772300421363772E-8,8800.0,66.55681818181817,35.46901723457439,19.12613355317395,18.159065628476085,8800.0,52000.0
8900.0,0.955305198,1.2851183172315354E-8,8900.0,65.80898876404494,34.2518543838328,16.378125858752394,15.378197997775295,8900.0,52000.0
9000.0,0.961158087,1.29299187939614E-8,9000.0,65.28888888888889,33.4305120949486,14.152239626270942,13.125695216907665,9000.0,52000.0
9100.0,0.967142706,1.301042650515834E-8,9100.0,65.62637362637362,34.03235809151594,14.065934065934066,13.61502347417839,9100.0,52000.0
9200.0,0.972954715,1.3088612191172105E-8,9200.0,66.0,34.68311633366956,14.065934065934085,15.93657618919645,9200.0,52000.0
9300.0,0.979062554,1.3170777511679459E-8,9300.0,66.36559139784947,35.307570578047496,14.065934065934066,18.136613451975936,9300.0,52000.0
9400.0,0.985687388,1.3259897674951283E-8,9400.0,66.7127659574468,35.88461943244963,14.038461538461537,20.19892884468247,9400.0,52000.0
9500.0,0.992096264,1.3346112676792669E-8,9500.0,67.06315789473685,36.46141544613362,14.038461538461558,22.183536433722974,9500.0,52000.0
9600.0,0.998246089,1.3428842811327837E-8,9600.0,67.13541666666667,36.518555872599485,14.126292868807845,22.841770604059676,9600.0,52000.0
9700.0,1.004280697,1.3510022996407411E-8,9700.0,67.11340206185567,36.41474771801626,14.408371344244689,22.928243537086242,9700.0,52000.0
9800.0,1.010206756,1.3589742932882569E-8,9800.0,67.12244897959184,36.36527792780665,14.784448558582403,23.120973514674308,9800.0,52000.0
9900.0,1.016229709,1.3670766329806708E-8,9900.0,67.15151515151516,36.36041038272468,15.202086049543675,23.356115955691735,9900.0,52000.0
10000.0,1.022227501,1.3751451249958736E-8,10000.0,67.2,36.397749240447574,15.681233933161968,23.64990689013036,10000.0,52000.0
10100.0,1.028305205,1.3833211181271403E-8,10100.0,67.2871287128713,36.5130605547037,16.248415716096336,24.011039558417682,10100.0,52000.0
10200.0,1.034310469,1.3913996618034108E-8,10200.0,67.38235294117646,36.69602946357966,16.741741741741734,24.351978171896313,10200.0,52000.0
10300.0,1.040276251,1.3994250925671719E-8,10300.0,67.45631067961165,36.846029362564806,17.173214726958257,24.60638776428251,10300.0,52000.0
10400.0,1.046356547,1.407604572570158E-8,10400.0,67.52884615384616,36.98752847966068,17.593948267447544,24.88879003558719,10400.0,52000.0
10500.0,1.052390406,1.41572158349057E-8,10500.0,67.58095238095238,37.09745459575585,17.956134008194756,25.088028169014105,10500.0,52000.0
10600.0,1.058399602,1.423805416665143E-8,10600.0,67.65094339622641,37.23627854097323,18.35714285714286,25.359164127122334,10600.0,52000.0
10700.0,1.064287837,1.4317265278142355E-8,10700.0,67.7196261682243,37.37443003695706,18.748529757704073,25.59241706161138,10700.0,52000.0
10800.0,1.070253263,1.4397514796712328E-8,10800.0,67.66666666666666,37.289421650487284,18.885017421602786,25.62300319488817,10800.0,52000.0
10900.0,1.07614858,1.4476821178363424E-8,10900.0,67.55045871559633,37.09173912109849,18.820289189809493,25.48978302085527,10900.0,52000.0
11000.0,1.082092902,1.4556786796698963E-8,11000.0,67.48181818181818,36.9665134182012,18.907277261391993,25.58768462658625,11000.0,52000.0
11100.0,1.088376817,1.4641320768536787E-8,11100.0,67.43243243243244,36.870339592624774,19.055082848186295,25.754775107825008,11100.0,52000.0
11200.0,1.094329444,1.472139810936318E-8,11200.0,67.41071428571429,36.816435516520244,19.104609929078016,26.023510336441024,11200.0,52000.0
11300.0,1.100247831,1.4801014838740224E-8,11300.0,67.41592920353983,36.76547115625449,19.094704460558127,26.52165236479746,11300.0,52000.0
11400.0,1.10605573,1.4879145235237143E-8,11400.0,67.28947368421052,36.48852190034895,19.145706851691223,26.536643026004707,11400.0,52000.0
11500.0,1.111880997,1.495750927366316E-8,11500.0,67.13043478260869,36.137968080266766,19.12708600770219,26.487747957993,11500.0,52000.0
11600.0,1.117932891,1.503892199757198E-8,11600.0,66.99137931034483,35.83133501520293,19.151182432432414,26.464374879969256,11600.0,52000.0
11700.0,1.124105693,1.5121961228756437E-8,11700.0,66.90598290598291,35.621695493166264,19.232373800584064,26.59715639810426,11700.0,52000.0
11800.0,1.12977708,1.5198255206147825E-8,11800.0,67.17796610169492,36.02352918119627,19.24520433694747,27.917364600781685,11800.0,52000.0
11900.0,1.135572631,1.5276219491950334E-8,11900.0,67.16806722689076,36.02149833318178,19.326863514350613,27.875207679527414,11900.0,52000.0
12000.0,1.144192778,1.5392181478026834E-8,12000.0,67.19166666666668,36.07864486077664,19.50521365773871,27.92017575979497,12000.0,52000.0
12100.0,1.154836703,1.553536821053259E-8,12100.0,67.24793388429752,36.19556119107046,19.74483596597813,28.0370437624841,12100.0,52000.0
12200.0,1.165406606,1.5677559166732753E-8,12200.0,67.31147540983606,36.32560016435548,20.0,28.170028818443804,12200.0,52000.0
12300.0,1.175707962,1.581613751128315E-8,12300.0,67.3658536585366,36.43857667892781,20.23052464228935,28.283008754690027,12300.0,52000.0
12400.0,1.185878429,1.595295507978233E-8,12400.0,67.42741935483872,36.56452702172105,20.429472025216704,28.41191066997519,12400.0,52000.0
12500.0,1.195994588,1.608904207332266E-8,12500.0,67.488,36.67800604027004,20.717908700741326,28.601546029515113,12500.0,52000.0
12600.0,1.206016177,1.6223856869878032E-8,12600.0,67.54761904761905,36.78956133491125,21.00077279752705,28.787878787878785,12600.0,52000.0
12700.0,1.216148939,1.6360167214233005E-8,12700.0,67.6771653543307,37.025488167674645,21.480489671002278,29.150845702450802,12700.0,52000.0
12800.0,1.226184513,1.6495170143122463E-8,12800.0,67.8046875,37.270213483536246,21.92118226600987,29.43493150684933,12800.0,52000.0
12900.0,1.236449104,1.6633253908819612E-8,12900.0,67.96124031007751,37.55405312971721,22.486871717929482,29.865942643814698,12900.0,52000.0
13000.0,1.246944171,1.6774438138430306E-8,13000.0,68.10000000000001,37.80530900924207,22.989786443825444,30.25563403969056,13000.0,52000.0
13100.0,1.257556169,1.6917195374973936E-8,13100.0,68.24427480916032,38.06493049204536,23.501287237955147,30.666666666666675,13100.0,52000.0
13200.0,1.267977168,1.7057383209466925E-8,13200.0,67.9621212121212,37.61017979124532,22.588321435108895,29.727484214024585,13200.0,52000.0
13300.0,1.278044406,1.7192812096327535E-8,13300.0,67.54135338345864,36.91786240084378,21.12187100310616,28.39608558633273,13300.0,52000.0
13400.0,1.288241616,1.732998942335446E-8,13400.0,67.43283582089552,36.72643731828798,21.49667206332073,28.17643186306781,13400.0,52000.0
13500.0,1.298326988,1.746566225671105E-8,13500.0,67.31851851851852,36.51217579047522,21.856181367339726,28.00261096605745,13500.0,52000.0
13600.0,1.308551668,1.7603209122187553E-8,13600.0,67.22794117647058,36.33615759063332,21.07313617850184,27.915251496037506,13600.0,52000.0
13700.0,1.318826958,1.7741436815510186E-8,13700.0,66.73722627737226,35.54831007276504,19.30228439879583,26.29791363415818,13700.0,52000.0
13800.0,1.329151551,1.7880327754343542E-8,13800.0,66.61594202898551,35.32801436295338,18.445742609311385,26.086956521739136,13800.0,52000.0
13900.0,1.339297864,1.8016820392674863E-8,13900.0,66.7841726618705,35.54556881673521,18.28318584070796,26.980863514154667,13900.0,52000.0
13910.0,1.341762751,1.8049979130220075E-8,13910.0,66.80805176132279,35.57786906648297,18.28318584070796,27.096162955945037,13910.0,52000.0
