learning evaluation instances,evaluation time (cpu seconds),model cost (RAM-Hours),classified instances,classifications correct (percent),Kappa Statistic (percent),Kappa Temporal Statistic (percent),Kappa M Statistic (percent),model training instances,model serialized size (bytes)
100.0,8.094503616,3.809960149698615E-5,100.0,53.0,6.000000000000005,52.52525252525253,6.000000000000005,100.0,1.8194184E7
200.0,16.005976352,7.537590406397395E-5,200.0,61.5,23.0,61.30653266331658,23.0,200.0,1.8212848E7
300.0,23.9050057,1.1261471521246979E-4,300.0,67.66666666666666,35.33333333333333,67.55852842809364,35.33333333333333,300.0,1.8223192E7
400.0,31.883149641,1.5025146602210855E-4,400.0,67.5,35.00000000000001,67.41854636591479,35.00000000000001,400.0,1.8235288E7
500.0,39.884039021,1.880241645594156E-4,500.0,67.0,34.00000000000001,66.93386773547094,34.00000000000001,500.0,1.8249128E7
600.0,47.932705251,2.2604021087009138E-4,600.0,66.0,32.00000000000001,65.9432387312187,32.00000000000001,600.0,1.8257672E7
700.0,56.024923416,2.642766190892899E-4,700.0,66.85714285714286,33.71428571428572,66.80972818311875,33.71428571428572,700.0,1.8264672E7
800.0,64.222479856,3.030409754045927E-4,800.0,67.875,35.74999999999999,67.83479349186483,35.74999999999999,800.0,1.827892E7
900.0,72.496368966,3.421808464701258E-4,900.0,68.55555555555556,37.111111111111114,68.52057842046719,37.111111111111114,900.0,1.828572E7
1000.0,80.815576429,3.815578243843296E-4,1000.0,69.6,39.19999999999999,69.56956956956957,39.19999999999999,1000.0,1.829628E7
1100.0,89.245435609,4.2147095017500233E-4,1100.0,71.18181818181817,42.36363636363636,71.15559599636032,42.36363636363636,1100.0,1.8301968E7
1200.0,97.709791111,4.615591262733634E-4,1200.0,71.83333333333334,43.66666666666668,71.80984153461219,43.66666666666668,1200.0,1.8307224E7
1300.0,106.160521964,5.015973608369066E-4,1300.0,72.76923076923076,45.538461538461526,72.74826789838336,45.538461538461526,1300.0,1.8313992E7
1400.0,114.685855204,5.419973072133666E-4,1400.0,73.42857142857143,46.85714285714286,73.409578270193,46.85714285714286,1400.0,1.8317736E7
1500.0,123.163656906,5.821813624573072E-4,1500.0,74.6,49.2,74.58305537024683,49.2,1500.0,1.8322E7
1600.0,131.644503052,6.223869566686389E-4,1600.0,75.375,50.75000000000001,75.35959974984365,50.75000000000001,1600.0,1.832524E7
1700.0,140.1782376,6.628517768792881E-4,1700.0,75.88235294117646,51.764705882352935,75.86815773984696,51.764705882352935,1700.0,1.8329088E7
1800.0,148.743160021,7.034719093290016E-4,1800.0,76.16666666666667,52.33333333333334,76.15341856586994,52.33333333333334,1800.0,1.833244E7
1900.0,157.335295091,7.442293519072742E-4,1900.0,76.52631578947368,53.05263157894737,76.51395471300685,53.05263157894737,1900.0,1.8336152E7
2000.0,165.935751548,7.85034135016996E-4,2000.0,76.85,53.69999999999999,76.83841920960481,53.69999999999999,2000.0,1.8339688E7
2100.0,174.561722658,8.25967291620233E-4,2100.0,77.23809523809524,54.47619047619048,77.22725107193902,54.47619047619048,2100.0,1.8342968E7
2200.0,183.232999857,8.671234628896504E-4,2200.0,77.54545454545455,55.0909090909091,77.53524329240564,55.0909090909091,2200.0,1.8346544E7
2300.0,191.952346071,9.085148382301049E-4,2300.0,78.13043478260869,56.260869565217384,78.12092214006088,56.260869565217384,2300.0,1.8349672E7
2400.0,200.691061645,9.500059743622275E-4,2400.0,78.41666666666667,56.833333333333336,78.40766986244269,56.833333333333336,2400.0,1.8353128E7
2500.0,209.493516955,9.918062301489151E-4,2500.0,78.8,57.60000000000001,78.79151660664266,57.60000000000001,2500.0,1.8355976E7
2600.0,218.434662203,0.0010342708938740712,2600.0,79.1923076923077,58.38461538461539,79.1843016544825,58.38461538461539,2600.0,1.8358488E7
2700.0,227.233130656,0.00107606394408476,2700.0,79.74074074074075,59.48148148148149,79.7332345313079,59.48148148148149,2700.0,1.8361128E7
2800.0,236.021469614,0.0011178155903383063,2800.0,80.17857142857143,60.35714285714286,80.17148981779208,60.35714285714286,2800.0,1.836408E7
2900.0,244.842875879,0.001159731416425919,2900.0,80.51724137931035,61.03448275862069,80.51052086926526,61.03448275862069,2900.0,1.8367184E7
3000.0,253.689842824,0.001201774043175725,3000.0,80.9,61.80000000000001,80.89363121040347,61.80000000000001,3000.0,1.836952E7
3100.0,262.586267973,0.0012440783478940194,3100.0,80.93548387096774,61.87096774193548,80.73035539615259,61.47327249022164,3100.0,1.8381096E7
3200.0,271.583940593,0.0012868792070036086,3200.0,81.0,62.000000000000014,80.59368017874242,61.19974473516274,3200.0,1.8387584E7
3300.0,280.556602955,0.001329567669024004,3300.0,81.0909090909091,62.18181818181818,80.5,61.0,3300.0,1.8390416E7
3400.0,289.575697496,0.001372483477178184,3400.0,81.17647058823529,62.35294117647059,80.41016222834405,60.83231334149327,3400.0,1.8393176E7
3500.0,298.553315964,0.0014152091934128196,3500.0,81.37142857142857,62.74285714285715,80.43804380438044,60.88782243551291,3500.0,1.8396304E7
3600.0,307.580368987,0.001458175798881914,3600.0,81.6388888888889,63.277777777777786,80.55882352941177,61.11764705882354,3600.0,1.8398712E7
3700.0,316.587785654,0.0015010576270894024,3700.0,81.62162162162161,63.24324324324324,80.38650129795212,60.78431372549019,3700.0,1.840244E7
3800.0,325.64019953,0.0015441621615293892,3800.0,81.57894736842105,63.1578947368421,80.1868100764223,60.384833050367845,3800.0,1.8406064E7
3900.0,334.679727632,0.001587213270571856,3900.0,81.66666666666667,63.33333333333333,80.13888888888889,60.27777777777777,3900.0,1.8409456E7
4000.0,343.745360216,0.0016303937315316258,4000.0,81.875,63.74999999999999,80.22907008453777,60.468920392584515,4000.0,1.84116E7
4100.0,352.828631204,0.00167366249199323,4100.0,82.14634146341463,64.29268292682926,80.39110634878114,60.792715586502396,4100.0,1.8413424E7
4200.0,361.950978856,0.0017171228151844492,4200.0,82.47619047619048,64.95238095238096,80.63157894736842,61.26315789473685,4200.0,1.841572E7
4300.0,371.052782927,0.0017604895415022515,4300.0,82.69767441860465,65.3953488372093,80.76027928626843,61.53050672182005,4300.0,1.8417536E7
4400.0,380.206305526,0.001804106893064976,4400.0,82.9090909090909,65.81818181818181,80.87973557081108,61.7691916624301,4400.0,1.8419312E7
4500.0,389.391110519,0.0018478779081849454,4500.0,83.11111111111111,66.22222222222223,81.0,62.0,4500.0,1.8421248E7
4600.0,398.572895591,0.0018916471113702954,4600.0,83.08695652173913,66.17391304347827,80.86100861008612,62.048780487804876,4600.0,1.8426544E7
4700.0,407.798032449,0.0019356308559498017,4700.0,83.17021276595746,66.33797516813357,80.8567279767667,62.31538828013341,4700.0,1.8429848E7
4800.0,416.979587705,0.001979414260381874,4800.0,83.1875,66.37265309141367,80.77656026679372,62.44765006979992,4800.0,1.8432984E7
4900.0,426.172415373,0.002023257240544304,4900.0,83.3265306122449,66.65306122448979,80.84407971864009,62.86363636363637,4900.0,1.8435432E7
5000.0,435.388769492,0.002067217765236704,5000.0,83.5,66.99785618073749,80.95567867036011,63.31702979101822,5000.0,1.8437672E7
5100.0,444.673214144,0.0021115100459000776,5100.0,83.68627450980392,67.37051673345283,81.08231014097318,63.810352327098755,5100.0,1.8440576E7
5200.0,453.954407378,0.002155791732733725,5200.0,83.82692307692308,67.65384615384616,81.16461366181412,64.2127659574468,5200.0,1.8442624E7
5300.0,463.219965416,0.002200007163753333,5300.0,84.0,67.99812705307494,81.28861429832304,64.65193830762817,5300.0,1.8446104E7
5400.0,472.489888774,0.0022442491241392495,5400.0,84.16666666666667,68.33154356597383,81.40495867768595,65.08779093507555,5400.0,1.844848E7
5500.0,481.767567562,0.0022885322842094782,5500.0,84.27272727272728,68.54545454545456,81.45766345123259,65.40000000000002,5500.0,1.8450224E7
5600.0,491.056416329,0.0023328731619059917,5600.0,84.44642857142857,68.89123821749907,81.5934065934066,65.82973715182423,5600.0,1.8452056E7
5700.0,500.37682993,0.0023773692685753224,5700.0,84.6140350877193,69.22652439790143,81.72155064610254,66.25625240477106,5700.0,1.8453944E7
5800.0,509.724236931,0.0024220013428247695,5800.0,84.6896551724138,69.37931034482759,81.74717368961973,66.49056603773585,5800.0,1.845688E7
5900.0,519.073410343,0.00246664839134443,5900.0,84.7457627118644,69.49007048310835,81.75182481751825,66.65431641348647,5900.0,1.8459584E7
5995.0,527.988591783,0.002509230177569778,5995.0,84.720600500417,69.44048590530045,81.66166166166165,66.65453221696396,5995.0,1.8462736E7
