learning evaluation instances,evaluation time (cpu seconds),model cost (RAM-Hours),classified instances,classifications correct (percent),Kappa Statistic (percent),Kappa Temporal Statistic (percent),Kappa M Statistic (percent),model training instances,model serialized size (bytes)
100.0,9.232388153,4.385193014323405E-5,100.0,53.0,6.000000000000005,52.52525252525253,6.000000000000005,100.0,1.8360184E7
200.0,18.727729024,8.900017192795415E-5,200.0,61.0,21.999999999999996,60.80402010050251,21.999999999999996,200.0,1.8379456E7
300.0,28.273429352,1.3441107487895606E-4,300.0,67.33333333333333,34.66666666666667,67.22408026755853,34.66666666666667,300.0,1.8388856E7
400.0,38.084491756,1.8111725515419948E-4,400.0,69.5,38.99999999999999,69.42355889724311,38.99999999999999,400.0,1.8401816E7
500.0,48.022007832,2.284610476903772E-4,500.0,70.8,41.599999999999994,70.74148296593185,41.599999999999994,500.0,1.8415672E7
600.0,58.051267197,2.7626404533801516E-4,600.0,72.66666666666667,45.333333333333336,72.62103505843072,45.333333333333336,600.0,1.84242E7
700.0,68.166850067,3.244965584809688E-4,700.0,74.14285714285714,48.285714285714285,74.10586552217453,48.285714285714285,700.0,1.8431104E7
800.0,78.255892784,3.726395870689127E-4,800.0,74.5,49.0,74.46808510638297,49.0,800.0,1.8445304E7
900.0,88.419348085,4.211554516049622E-4,900.0,74.0,48.0,73.97107897664071,48.0,900.0,1.8452056E7
1000.0,98.728120325,4.7039375498721234E-4,1000.0,74.3,48.6,74.27427427427428,48.6,1000.0,1.846284E7
1100.0,109.11507178,5.200205389789601E-4,1100.0,73.54545454545455,47.09090909090909,73.5213830755232,47.09090909090909,1100.0,1.8468448E7
1200.0,119.460775933,5.694645758946751E-4,1200.0,73.16666666666667,46.333333333333336,73.1442869057548,46.333333333333336,1200.0,1.84738E7
1300.0,129.878498906,6.192712599499183E-4,1300.0,72.76923076923076,45.538461538461526,72.74826789838336,45.538461538461526,1300.0,1.8480648E7
1400.0,140.40289581,6.695981847022259E-4,1400.0,72.92857142857143,45.85714285714286,72.90922087205148,45.85714285714286,1400.0,1.8484408E7
1500.0,150.898697386,7.197996424167768E-4,1500.0,73.6,47.199999999999996,73.58238825883923,47.199999999999996,1500.0,1.8488464E7
1600.0,161.419638149,7.701302030546982E-4,1600.0,74.375,48.75000000000001,74.35897435897436,48.75000000000001,1600.0,1.8491816E7
1700.0,171.9390533,8.204635889341479E-4,1700.0,74.94117647058823,49.882352941176464,74.92642731018245,49.882352941176464,1700.0,1.8495536E7
1800.0,182.56016412,8.712929112464047E-4,1800.0,75.44444444444444,50.88888888888889,75.4307948860478,50.88888888888889,1800.0,1.8498936E7
1900.0,193.169376301,9.220752588114509E-4,1900.0,75.8421052631579,51.6842105263158,75.82938388625593,51.6842105263158,1900.0,1.8502568E7
2000.0,203.854407804,9.732305649000903E-4,2000.0,76.35,52.69999999999999,76.33816908454227,52.69999999999999,2000.0,1.85062E7
2100.0,214.578140381,0.001024580210090758,2100.0,76.80952380952381,53.61904761904761,76.7984754645069,53.61904761904761,2100.0,1.8509464E7
2200.0,225.288765565,0.0010758770889028695,2200.0,77.54545454545455,55.0909090909091,77.53524329240564,55.0909090909091,2200.0,1.8513072E7
2300.0,235.957073405,0.0011269798841617796,2300.0,78.08695652173913,56.17391304347825,78.07742496737711,56.17391304347825,2300.0,1.8516184E7
2400.0,246.689884566,0.0011784013891636286,2400.0,78.41666666666667,56.833333333333336,78.40766986244269,56.833333333333336,2400.0,1.8519688E7
2500.0,257.493385124,0.0012301690836820866,2500.0,78.88,57.75999999999999,78.87154861944778,57.75999999999999,2500.0,1.8522376E7
2600.0,268.32079706,0.0012820583918526736,2600.0,79.42307692307692,58.84615384615384,79.41515967679877,58.84615384615384,2600.0,1.8524888E7
2700.0,279.120041415,0.0013338200405164575,2700.0,79.92592592592592,59.85185185185185,79.91848832901074,59.85185185185185,2700.0,1.8527512E7
2800.0,289.941415672,0.0013856960237002122,2800.0,80.35714285714286,60.71428571428572,80.35012504465881,60.71428571428572,2800.0,1.8530464E7
2900.0,300.838415056,0.0014379432923341607,2900.0,80.72413793103448,61.448275862068954,80.71748878923766,61.448275862068954,2900.0,1.8533568E7
3000.0,311.740230424,0.0014902202401509358,3000.0,81.06666666666666,62.133333333333326,81.06035345115038,62.133333333333326,3000.0,1.8535904E7
3100.0,322.696495352,0.0015427909168473776,3100.0,80.93548387096774,61.87096774193548,80.73035539615259,61.47327249022164,3100.0,1.8547416E7
3200.0,333.692772992,0.0015955721769828663,3200.0,81.09375,62.18749999999999,80.68943504628152,61.391193363114226,3200.0,1.8553952E7
3300.0,344.692717068,0.0016483790491928418,3300.0,81.18181818181817,62.36363636363635,80.59375,61.18749999999999,3300.0,1.8556768E7
3400.0,355.723560018,0.0017013423148680852,3400.0,81.38235294117648,62.76470588235294,80.62442607897154,61.260709914320685,3400.0,1.8559592E7
3500.0,366.692690129,0.0017540181955668164,3500.0,81.62857142857143,63.25714285714285,80.70807080708072,61.427714457108586,3500.0,1.8562736E7
3600.0,377.684239762,0.0018068084043539087,3600.0,81.8611111111111,63.722222222222214,80.79411764705881,61.58823529411763,3600.0,1.856508E7
3700.0,388.672975804,0.0018595958799019943,3700.0,81.86486486486486,63.729729729729726,80.6460917219498,61.3033448673587,3700.0,1.8568872E7
3800.0,399.776374488,0.0019129444415168129,3800.0,81.89473684210526,63.78947368421053,80.5264647608265,61.06395019807584,3800.0,1.8572448E7
3900.0,410.859768472,0.0019662065205052663,3900.0,81.97435897435898,63.94871794871795,80.47222222222221,60.94444444444444,3900.0,1.8575808E7
4000.0,421.875331073,0.0020191488773247026,4000.0,82.19999999999999,64.39999999999999,80.58358331060812,61.177753544165746,4000.0,1.8578E7
4100.0,432.950046332,0.00207238084771967,4100.0,82.46341463414633,64.92682926829268,80.73935172783284,61.48901981788965,4100.0,1.8579856E7
4200.0,444.107990972,0.002126019405481846,4200.0,82.78571428571428,65.57142857142857,80.97368421052632,61.94736842105263,4200.0,1.858212E7
4300.0,455.214529614,0.002179415923873351,4300.0,83.06976744186046,66.13953488372093,81.17403672097232,62.357807652533616,4300.0,1.8583888E7
4400.0,466.329069746,0.0022328561093629892,4400.0,83.25,66.5,81.26112382405289,62.53177427554652,4400.0,1.8585696E7
4500.0,477.442313763,0.002286295582967538,4500.0,83.42222222222222,66.84444444444443,81.35,62.69999999999999,4500.0,1.8587616E7
4600.0,488.622604223,0.0023400728222379087,4600.0,83.3913043478261,66.78260869565219,81.20541205412054,62.73170731707317,4600.0,1.8592928E7
4700.0,499.77812719,0.0023937403725750282,4700.0,83.48936170212767,66.9762298031377,81.21974830590514,63.030014292520256,4700.0,1.85962E7
4800.0,510.943753993,0.0024474655894644723,4800.0,83.5625,67.1226141063709,81.20533587422582,63.28524895300139,4800.0,1.8599336E7
4900.0,522.118591681,0.002501242341797382,4900.0,83.71428571428572,67.42857142857144,81.28956623681127,63.72727272727274,4900.0,1.8601832E7
5000.0,533.344770573,0.0025552724833619333,5000.0,83.91999999999999,67.83784384905162,81.4404432132964,64.25077812361047,5000.0,1.8604008E7
5100.0,544.63184623,0.0026096041927565635,5100.0,84.11764705882354,68.23325694242907,81.58253751705323,64.7672901261418,5100.0,1.8606912E7
5200.0,555.900597737,0.0026638537603167296,5200.0,84.28846153846153,68.57692307692307,81.70212765957446,65.23404255319147,5200.0,1.8608992E7
5300.0,567.183213195,0.002718180228644845,5300.0,84.43396226415094,68.86605360977191,81.79611650485437,65.61067111296374,5300.0,1.8612472E7
5400.0,578.45597116,0.0027724663949149795,5400.0,84.57407407407408,69.14636210765562,81.88342757720748,65.98611678236016,5400.0,1.8614928E7
5500.0,589.769846064,0.0028269556255265484,5500.0,84.65454545454546,69.30909090909093,81.90782422293677,66.24000000000001,5500.0,1.8616656E7
5600.0,601.111092569,0.002881582150616074,5600.0,84.80357142857143,69.60553784345245,82.01606086221472,66.61435857198903,5600.0,1.861852E7
5700.0,612.404807536,0.002935985156798635,5700.0,85.0,69.99847083618667,82.18007503126302,67.10273181993074,5700.0,1.8620376E7
5800.0,623.748040491,0.002990635358959692,5800.0,85.08620689655172,70.17241379310344,82.21993833504624,67.35849056603772,5800.0,1.8623328E7
5900.0,635.102837571,0.0030453490775360814,5900.0,85.16949152542372,70.33755829926676,82.25871857258718,67.58058540200072,5900.0,1.8625984E7
5995.0,645.986086383,0.003097799399041296,5995.0,85.2210175145955,70.44133677410969,82.26226226226227,67.7466326902075,5995.0,1.8629104E7
