learning evaluation instances,evaluation time (cpu seconds),model cost (RAM-Hours),classified instances,classifications correct (percent),Kappa Statistic (percent),Kappa Temporal Statistic (percent),Kappa M Statistic (percent),model training instances,model serialized size (bytes)
100.0,7.237303596,4.496903576360091E-5,100.0,100.0,?,?,?,100.0,2.4018128E7
200.0,15.37938014,9.896580284781561E-5,200.0,98.5,65.9863945578232,25.0,50.0,200.0,2.5635096E7
300.0,23.930297802,1.5570484639018314E-4,300.0,99.0,66.21621621621627,24.99999999999979,50.0,300.0,2.5649072E7
400.0,32.523933493,2.1274217561835355E-4,400.0,99.25,66.32996632996662,25.000000000000554,50.00000000000037,400.0,2.5655744E7
500.0,41.177398394,2.701885284128183E-4,500.0,99.0,54.145267791636165,16.666666666666664,37.5,500.0,2.5661072E7
600.0,49.906623838,3.28152345534686E-4,600.0,98.83333333333333,45.7364341085271,12.49999999999948,29.999999999999932,600.0,2.5667504E7
700.0,58.659832739,3.8630826139527796E-4,700.0,97.57142857142857,36.29550321199153,-41.66666666666656,22.727272727272968,700.0,2.5682008E7
800.0,67.73919913,4.467379589507483E-4,800.0,86.75,20.372596153846178,-715.3846153846158,13.11475409836067,800.0,2.572748E7
900.0,76.948006608,5.080705941502166E-4,900.0,79.77777777777779,13.953415072335867,-550.0000000000003,9.452736318407993,900.0,2.5744864E7
1000.0,86.162255233,5.694623142513592E-4,1000.0,76.4,11.67862997088391,-268.7500000000003,8.17120622568094,1000.0,2.5754448E7
1100.0,95.509310435,6.317625425429474E-4,1100.0,72.36363636363636,8.870418313121647,-216.66666666666666,6.4615384615384475,1100.0,2.5764232E7
1200.0,104.878334219,6.942267444994925E-4,1200.0,71.83333333333334,8.010940710601892,-188.88888888888874,5.8495821727019734,1200.0,2.5771472E7
1300.0,114.310518267,7.571238132447749E-4,1300.0,69.38461538461539,6.674218346975678,-218.39999999999998,5.011933174224353,1300.0,2.5776296E7
1400.0,123.725167624,8.19927725826642E-4,1400.0,67.5,6.242456712569109,-213.79310344827593,4.811715481171557,1400.0,2.5786056E7
1500.0,133.205551987,8.83182999692981E-4,1500.0,66.0,6.032354350149271,-184.9162011173185,4.6728971962616965,1500.0,2.5791296E7
1600.0,142.737843655,9.467955007698506E-4,1600.0,64.5,5.523860215232623,-154.70852017937213,4.377104377104374,1600.0,2.5795712E7
1700.0,152.318297861,0.0010107379936629545,1700.0,63.17647058823529,5.311017982186871,-160.8333333333333,4.1347626339969334,1700.0,2.5799176E7
1800.0,161.926869406,0.0010748961286737525,1800.0,62.66666666666667,5.144291091593469,-136.6197183098591,3.9999999999999982,1800.0,2.5810432E7
1900.0,171.612439923,0.0011395768385425603,1900.0,61.68421052631579,6.376066062000797,-141.05960264900668,5.208333333333322,1900.0,2.58138E7
2000.0,181.239045007,0.0012038722816279774,2000.0,61.85000000000001,6.831236323851203,-128.443113772455,5.569306930693087,2000.0,2.5817216E7
2100.0,190.98077954,0.0012689509408794946,2100.0,60.61904761904762,7.3617707679899755,-122.91105121293806,6.235827664399097,2100.0,2.582288E7
2200.0,200.721996374,0.0013340320487159755,2200.0,59.54545454545455,7.78635445267574,-123.61809045226131,6.806282722513088,2200.0,2.5825224E7
2300.0,210.477268069,0.0013992140831028752,2300.0,59.52173913043478,9.283093686716752,-128.74692874692872,8.275862068965514,2300.0,2.5828008E7
2400.0,220.204566494,0.001464222414193455,2400.0,59.54166666666667,10.091760108889892,-125.29002320185614,9.082397003745317,2400.0,2.5833256E7
2500.0,229.951405348,0.0015293680730553904,2500.0,59.96,11.542931635146143,-118.08278867102398,10.46511627906978,2500.0,2.5835928E7
2600.0,239.821751092,0.0015953490088200916,2600.0,59.23076923076923,13.731578749671328,-130.93681917211327,12.972085385878495,2600.0,2.583976E7
2700.0,249.688643,0.0016613181695039581,2700.0,59.074074074074076,16.498740554156186,-140.74074074074065,16.160849772382402,2700.0,2.5844192E7
2800.0,259.583200743,0.0017274810455319123,2800.0,59.32142857142857,19.46310080698518,-148.14814814814815,17.583212735166416,2800.0,2.5847608E7
2900.0,269.523336108,0.0017939650446279708,2900.0,59.17241379310345,21.159897353566272,-157.9520697167756,14.327062228654125,2900.0,2.5853968E7
3000.0,279.467070427,0.0018604828492672272,3000.0,59.3,23.005391934714954,-166.01307189542482,11.649782923299561,3000.0,2.5857752E7
3100.0,289.421536324,0.0019270808474699465,3100.0,60.0,25.52061939563974,-170.1525054466231,10.274963820549923,3100.0,2.5861016E7
3200.0,299.374154843,0.001993670070278712,3200.0,60.34374999999999,27.004465152397582,-174.08207343412536,8.573487031700273,3200.0,2.5862408E7
3300.0,309.311570085,0.0020601639287441457,3300.0,61.151515151515156,28.558618712150313,-171.03594080338266,9.781843771991579,3300.0,2.586488E7
3400.0,319.296690151,0.0021269795345583075,3400.0,62.02941176470588,30.625317286361557,-170.64989517819714,9.530483531885055,3400.0,2.5865864E7
3500.0,329.222085237,0.002193398016246196,3500.0,62.857142857142854,31.93041163699729,-167.4897119341563,11.684782608695654,3500.0,2.5866848E7
3600.0,339.183900718,0.002260064235237283,3600.0,63.55555555555556,33.04215061263199,-166.12576064908725,13.399339933993385,3600.0,2.5868408E7
3700.0,349.131454887,0.002326641603028275,3700.0,64.21621621621621,34.082110750342785,-166.39839034205238,15.182575272261372,3700.0,2.5870968E7
3800.0,359.147478897,0.0023936805035846,3800.0,64.84210526315789,35.33257840453568,-157.91505791505801,15.709779179810718,3800.0,2.5872232E7
3900.0,369.214401923,0.0024610624131202402,3900.0,65.53846153846153,36.372025541504215,-151.21495327102815,17.898594990836884,3900.0,2.5873128E7
4000.0,379.279101523,0.002528433481395807,4000.0,66.125,37.74173894904379,-153.2710280373831,17.226634086744046,4000.0,2.587468E7
4100.0,389.299831337,0.002595517255303434,4100.0,66.8780487804878,39.20693205628366,-152.88640595903163,17.547055251973298,4100.0,2.5877392E7
4200.0,399.315942702,0.0026625721010276084,4200.0,67.38095238095238,40.12297579444761,-150.45703839122478,17.86570743405277,4200.0,2.587816E7
4300.0,409.396213667,0.002730060544055979,4300.0,67.90697674418604,41.16573930493478,-151.82481751824815,17.365269461077833,4300.0,2.587972E7
4400.0,419.401501636,0.0027970493081635717,4400.0,68.45454545454545,42.04619299513534,-148.7455197132616,18.735362997658086,4400.0,2.5880624E7
4500.0,429.476996614,0.002864511843491378,4500.0,68.97777777777779,42.90925079160932,-148.84135472370755,19.816197587593336,4500.0,2.5882048E7
4600.0,439.578389305,0.002932150855415511,4600.0,69.45652173913044,43.77931078636939,-150.0,19.576416714367497,4600.0,2.5883224E7
4700.0,449.598948962,0.0029992509728533376,4700.0,70.1063829787234,44.81004660243509,-148.67256637168146,21.464505310229164,4700.0,2.5884136E7
4800.0,459.734766913,0.003067187812277254,4800.0,70.5625,45.54913294797687,-144.88734835355282,22.148760330578508,4800.0,2.5908896E7
4900.0,469.925073356,0.0031354946142191763,4900.0,70.97959183673468,46.24429890076927,-143.9108061749572,22.337520480611687,4900.0,2.5910696E7
5000.0,480.143890382,0.003203995275254249,5000.0,71.54,47.16991107021657,-140.77834179357026,22.620989668298,5000.0,2.5911736E7
5100.0,490.34874081,0.0032724072126547967,5100.0,72.09803921568627,48.07022715921467,-139.96627318718373,23.164146868250533,5100.0,2.5913592E7
5200.0,500.576261907,0.003340974475530778,5200.0,72.59615384615384,48.85665285911326,-138.6934673366835,23.221982758620676,5200.0,2.5914856E7
5300.0,510.865019768,0.0034099547940699597,5300.0,73.05660377358491,49.544188368363415,-136.81592039800998,23.30827067669172,5300.0,2.59158E7
5400.0,521.118682624,0.003478705677401252,5400.0,73.35185185185186,49.94759395985606,-136.2889983579639,23.61995753715501,5400.0,2.5918008E7
5500.0,531.386596175,0.0035475602506991996,5500.0,73.78181818181818,50.60224034504562,-134.47154471544715,24.02528977871444,5500.0,2.5921072E7
5600.0,541.673015437,0.0036165449017532976,5600.0,74.25,51.28495933978427,-133.71150729335483,24.105263157894754,5600.0,2.592332E7
5700.0,551.930305381,0.0036853370875725277,5700.0,74.59649122807018,51.75339376434709,-130.94098883572573,24.70098803952156,5700.0,2.5924408E7
5800.0,562.214157705,0.0037543099084917674,5800.0,75.0344827586207,52.412634767311815,-126.60406885758988,25.322331098504396,5800.0,2.5925344E7
5900.0,572.490124488,0.003823233797535514,5900.0,75.42372881355932,53.007833712218556,-124.11128284389493,26.283680732079308,5900.0,2.5926832E7
6000.0,582.817292884,0.0038925098522703417,6000.0,75.7,53.35817413993337,-121.917808219178,26.623049823855073,6000.0,2.5930104E7
6100.0,593.10784908,0.00396154495020375,6100.0,75.90163934426229,53.653401040268456,-119.0760059612519,27.479033053774053,6100.0,2.5931848E7
6200.0,603.421301747,0.0040307383469708686,6200.0,76.09677419354838,53.877499594663725,-115.09433962264157,28.232445520581106,6200.0,2.5933608E7
6300.0,613.784105403,0.0041002658442106325,6300.0,76.4126984126984,54.3794740087557,-112.58941344778263,29.136862184072477,6300.0,2.5934728E7
6400.0,624.104141251,0.004169508576555806,6400.0,76.75,54.904372095754326,-110.4667609618105,29.77819726285982,6400.0,2.5935544E7
6500.0,634.625759849,0.004240107756795997,6500.0,77.1076923076923,55.511377670777776,-108.40336134453786,30.951276102088183,6500.0,2.5936984E7
6600.0,644.995213531,0.004309694743524238,6600.0,77.22727272727272,55.6524188248548,-108.17174515235466,31.369863013698605,6600.0,2.5940272E7
6700.0,655.421210886,0.004379664418318243,6700.0,77.53731343283582,56.157712059974905,-105.88235294117648,32.298695456590195,6700.0,2.5941472E7
6800.0,665.817207098,0.004449438454758226,6800.0,77.83823529411765,56.62290917901503,-103.92422192151555,32.813196611680794,6800.0,2.5943592E7
6900.0,676.23699538,0.004519374934970404,6900.0,78.15942028985508,57.05790284414014,-103.37381916329286,32.87305122494434,6900.0,2.5944616E7
7000.0,686.571576962,0.004588743666494857,7000.0,78.34285714285714,57.336336889523075,-102.40320427236314,33.4795963141729,7000.0,2.5946168E7
7100.0,696.96345327,0.004658499385756453,7100.0,78.64788732394366,57.784599010952576,-101.595744680851,33.85689354275742,7100.0,2.5947064E7
7200.0,707.361177174,0.004728296164758485,7200.0,78.94444444444444,58.21870642279443,-101.32802124833998,34.22993492407807,7200.0,2.5947736E7
7300.0,717.748699145,0.004798032394056337,7300.0,79.13698630136986,58.53551089871713,-101.18890356671069,34.830979888746256,7300.0,2.5950688E7
7400.0,728.196265776,0.004868172552519127,7400.0,79.41891891891892,58.8951324384813,-101.18890356671064,34.830979888746285,7400.0,2.5950992E7
7500.0,738.600305885,0.004938022281104806,7500.0,79.67999999999999,59.22498795478318,-100.79051383399222,34.84395040615645,7500.0,2.5951656E7
7600.0,749.037226224,0.005008094140503959,7600.0,79.94736842105263,59.55509204478021,-100.79051383399202,34.84395040615649,7600.0,2.5952168E7
7700.0,759.481663261,0.005078219232674981,7700.0,80.15584415584416,59.78282396795479,-101.31752305665356,34.67293715262934,7700.0,2.5953192E7
7800.0,769.912088095,0.005148251152031498,7800.0,80.41025641025641,60.087286623340376,-101.31752305665349,34.672937152629316,7800.0,2.5953528E7
7900.0,780.367928778,0.005218455211509454,7900.0,80.65822784810126,60.379637591450084,-101.31752305665349,34.67293715262931,7900.0,2.595408E7
8000.0,790.806940084,0.005288549081446983,8000.0,80.825,60.5314286188438,-102.10803689064547,34.41641727233863,8000.0,2.595512E7
8100.0,801.258042233,0.005358726126585726,8100.0,81.06172839506172,60.80277620345483,-102.10803689064554,34.41641727233861,8100.0,2.5955856E7
8200.0,811.694987226,0.005428809642900089,8200.0,81.29268292682926,61.06393385759442,-102.10803689064572,34.41641727233859,8200.0,2.5956424E7
8300.0,822.132866905,0.005498901077354415,8300.0,81.51807228915663,61.315464996788194,-102.10803689064547,34.41641727233862,8300.0,2.5957032E7
8400.0,832.607161811,0.005569264357651861,8400.0,81.70238095238095,61.49553870994485,-102.50329380764181,34.288157332193244,8400.0,2.5967112E7
8500.0,843.088975326,0.005639680184950316,8500.0,81.89411764705883,61.68861665023293,-102.7667984189722,34.202650705429676,8500.0,2.5967864E7
8600.0,853.58630111,0.0057102014170909675,8600.0,82.1046511627907,61.915043100451705,-102.76679841897236,34.20265070542968,8600.0,2.5968304E7
8700.0,864.08168733,0.0057807110745320325,8700.0,82.3103448275862,62.133694334893185,-102.76679841897243,34.20265070542967,8700.0,2.596884E7
8800.0,874.56887113,0.0058511680143007345,8800.0,82.51136363636363,62.37914308048127,-101.70380078636971,34.371002132196146,8800.0,2.596972E7
8900.0,885.049275924,0.0059215821213844996,8900.0,82.70786516853933,62.61832168652064,-101.17647058823525,34.53849425776266,8900.0,2.597072E7
9000.0,895.518380092,0.005991924420301427,9000.0,82.87777777777777,62.77708646655486,-101.43790849673218,34.45342407486174,9000.0,2.597224E7
9100.0,906.008750386,0.006062414448644602,9100.0,83.04395604395604,62.930005129125234,-101.69934640522864,34.36835389196088,9100.0,2.5974024E7
9200.0,916.512506396,0.006132996574412213,9200.0,83.15217391304348,62.97949152097955,-102.61437908496718,34.07060825180774,9200.0,2.5974816E7
9300.0,927.003195496,0.00620349671312545,9300.0,83.13978494623656,62.92764239696345,-101.54241645244223,34.17296389588581,9300.0,2.597696E7
9324.0,930.221522229,0.006225124786106462,9324.0,83.17245817245818,62.973018366900035,-100.63938618925827,34.26895684960201,9324.0,2.5977064E7
