learning evaluation instances,evaluation time (cpu seconds),model cost (RAM-Hours),classified instances,classifications correct (percent),Kappa Statistic (percent),Kappa Temporal Statistic (percent),Kappa M Statistic (percent),model training instances,model serialized size (bytes)
100.0,10.585903424,6.691693670620415E-5,100.0,100.0,?,?,?,100.0,2.4434896E7
200.0,23.27950102,1.524612249208276E-4,200.0,98.5,65.9863945578232,25.0,50.0,200.0,2.6050056E7
300.0,37.140708274,2.459299702116111E-4,300.0,99.0,66.21621621621627,24.99999999999979,50.0,300.0,2.60656E7
400.0,51.14892076,3.404144684252222E-4,400.0,99.25,66.32996632996662,25.000000000000554,50.00000000000037,400.0,2.6072352E7
500.0,65.286668362,4.357918084744861E-4,500.0,99.0,54.145267791636165,16.666666666666664,37.5,500.0,2.6077584E7
600.0,79.541066513,5.319796486980942E-4,600.0,98.83333333333333,45.7364341085271,12.49999999999948,29.999999999999932,600.0,2.6083968E7
700.0,93.966346561,6.293746566675969E-4,700.0,97.42857142857143,30.093209054594073,-50.0,18.181818181818375,700.0,2.6098456E7
800.0,108.865360125,7.301431243809394E-4,800.0,85.25,5.4335630710049765,-807.6923076923082,3.2786885245901676,800.0,2.6143848E7
900.0,123.921926486,8.320454638433043E-4,900.0,78.11111111111111,3.0575421560265723,-603.5714285714291,1.9900497512437936,900.0,2.616128E7
1000.0,139.012952311,9.342180655233073E-4,1000.0,74.7,2.295477014335127,-295.31250000000034,1.5564202334630364,1000.0,2.6170864E7
1100.0,154.195901074,0.0010370515798891144,1100.0,70.81818181818181,1.7255775118285261,-234.37500000000006,1.2307692307692013,1100.0,2.618068E7
1200.0,169.335953994,0.0011396231076181494,1200.0,70.41666666666667,1.5547873028785082,-203.41880341880326,1.1142061281337303,1200.0,2.6187968E7
1300.0,184.564425723,0.0012428125378085243,1300.0,68.07692307692308,1.2895482190036152,-231.99999999999997,0.9546539379474975,1300.0,2.619276E7
1400.0,199.791141109,0.0013460286391440061,1400.0,66.14285714285715,1.0992941625334243,-226.89655172413802,0.8368200836820183,1400.0,2.6202552E7
1500.0,215.114068346,0.0014499177590136388,1500.0,64.60000000000001,0.9599363358285189,-196.6480446927375,0.7476635514018801,1500.0,2.6207808E7
1600.0,230.499676643,0.0015542494956804502,1600.0,63.125,0.8453355293010438,-164.5739910313901,0.673400673400659,1600.0,2.621224E7
1700.0,245.887064535,0.0016586069618631846,1700.0,61.82352941176471,0.7534569424904439,-170.41666666666652,0.6125574272588264,1700.0,2.6215672E7
1800.0,261.259915101,0.0017629100277727643,1800.0,61.33333333333333,0.697526949904862,-145.07042253521126,0.5714285714285466,1800.0,2.6226784E7
1900.0,276.742830063,0.0018679734226704266,1900.0,60.05263157894737,1.3932536328801268,-151.3245033112583,1.171874999999998,1900.0,2.6230168E7
2000.0,292.157746573,0.001972589018668791,2000.0,60.199999999999996,1.7652634073138096,-138.32335329341313,1.4851485148514862,2000.0,2.6233584E7
2100.0,307.689541016,0.0020780205180853657,2100.0,58.904761904761905,2.490282925065538,-132.61455525606473,2.1541950113378765,2100.0,2.6239232E7
2200.0,323.238755047,0.0021835798212285315,2200.0,57.77272727272727,3.0703709675889344,-133.41708542713567,2.7225130890052402,2200.0,2.6241608E7
2300.0,338.731370846,0.002288766052801113,2300.0,57.78260869565217,4.81933872603756,-138.57493857493856,4.334975369458123,2300.0,2.6244392E7
2400.0,354.264081106,0.002394245591590884,2400.0,57.75,5.581317392033068,-135.26682134570765,5.056179775280891,2400.0,2.624964E7
2500.0,369.836268488,0.002500003975894262,2500.0,58.120000000000005,6.974479554643219,-128.1045751633987,6.350626118067998,2500.0,2.6252312E7
2600.0,385.492295305,0.0026063471458967155,2600.0,57.34615384615385,9.460177424642264,-141.61220043572987,8.949096880131368,2600.0,2.6256112E7
2700.0,401.171149022,0.0027128634736129603,2700.0,56.888888888888886,11.928296159459444,-153.59477124183002,11.68437025796661,2700.0,2.6260576E7
2800.0,416.869479655,0.002819525928261829,2800.0,57.03571428571429,14.99649225520232,-162.09150326797385,12.95224312590449,2800.0,2.6263976E7
2900.0,432.583887008,0.0029263234718242036,2900.0,56.72413793103448,16.6481923914079,-173.42047930283232,9.18958031837915,2900.0,2.6270336E7
3000.0,448.326901011,0.003033330841812207,3000.0,56.599999999999994,18.274670755304392,-183.66013071895424,5.788712011577413,3000.0,2.627412E7
3100.0,464.091989186,0.003140501303903839,3100.0,56.935483870967744,20.369235837134152,-190.84967320261438,3.400868306801732,3100.0,2.627732E7
3200.0,479.843421593,0.003247584867675014,3200.0,56.99999999999999,21.56102677528031,-197.19222462203035,0.8645533141210191,3200.0,2.6278776E7
3300.0,495.556343529,0.003354416802862339,3300.0,57.757575757575765,23.05517874675718,-194.71458773784354,1.9000703729768018,3300.0,2.628128E7
3400.0,511.343304709,0.0034617561485805843,3400.0,58.44117647058824,24.937377504899814,-196.22641509433964,0.9810791871058235,3400.0,2.6282264E7
3500.0,527.007008999,0.0035682611042604844,3500.0,59.05714285714285,25.86056731189381,-194.85596707818925,2.649456521739125,3500.0,2.6283168E7
3600.0,542.713097024,0.0036750608456578935,3600.0,59.75,26.930123884285017,-193.91480730223125,4.356435643564352,3600.0,2.6284792E7
3700.0,558.416264579,0.0037818510629656476,3700.0,60.40540540540541,27.91987983144914,-194.76861167002016,6.149903907751457,3700.0,2.6287336E7
3800.0,574.240268118,0.003889468140655291,3800.0,60.86842105263158,28.952940407276458,-187.06563706563713,6.1829652996845565,3800.0,2.6288584E7
3900.0,589.970703892,0.003996452521875661,3900.0,61.33333333333333,29.550115943077554,-181.86915887850478,7.88026878436162,3900.0,2.628948E7
4000.0,605.836426293,0.004104363043744798,4000.0,61.85000000000001,30.938742075888197,-185.23364485981298,6.780696395846072,4000.0,2.6290952E7
4100.0,621.683237565,0.004212156059860152,4100.0,62.51219512195122,32.33114517646927,-186.21973929236498,6.678809957498489,4100.0,2.6293664E7
4200.0,637.490375391,0.00431968267741205,4200.0,63.07142857142857,33.36843810758263,-183.54661791590493,7.01438848920862,4200.0,2.6294512E7
4300.0,653.359607227,0.0044276376940988104,4300.0,63.65116279069768,34.578065561132135,-185.2189781021897,6.407185628742528,4300.0,2.6295976E7
4400.0,669.122624023,0.004534874230311285,4400.0,64.22727272727272,35.47305103569591,-182.078853046595,7.845433255269308,4400.0,2.6296976E7
4500.0,684.912213685,0.004642296967552111,4500.0,64.82222222222222,36.43203407853355,-182.1746880570409,9.075244112578975,4500.0,2.6298304E7
4600.0,700.786836811,0.004750303050185045,4600.0,65.3695652173913,37.45992990678134,-183.45195729537375,8.815111619919854,4600.0,2.629948E7
4700.0,716.567352432,0.004857672511981957,4700.0,66.02127659574468,38.4455935773936,-182.6548672566372,10.732252655114582,4700.0,2.6300376E7
4800.0,732.471199513,0.0049659829170612775,4800.0,66.5,39.22773301586627,-178.68284228769488,11.40495867768597,4800.0,2.632512E7
4900.0,748.438214556,0.005074731414497913,4900.0,66.9795918367347,40.04883386278276,-177.53001715265867,11.632987438558185,4900.0,2.6327032E7
5000.0,764.439627445,0.005183718296001413,5000.0,67.52,40.96510994375837,-174.78849407783423,11.691136487221327,5000.0,2.6328024E7
5100.0,780.532981576,0.005293339123734521,5100.0,67.88235294117648,41.572404392987515,-176.2225969645867,11.555075593952491,5100.0,2.632988E7
5200.0,796.553934332,0.005402472024060369,5200.0,68.46153846153847,42.50430947999301,-174.70686767169187,11.637931034482756,5200.0,2.6331144E7
5300.0,812.559556612,0.005511504867477913,5300.0,69.0566037735849,43.432406020478865,-171.97346600331682,11.92266380236303,5300.0,2.63322E7
5400.0,828.572148171,0.00562059433330323,5400.0,69.27777777777779,43.72693448791548,-172.41379310344828,11.942675159235689,5400.0,2.6334408E7
5500.0,844.602130318,0.005729814452009914,5500.0,69.78181818181818,44.49151286708714,-170.24390243902442,12.434141201264485,5500.0,2.6337344E7
5600.0,860.70388595,0.005839533562580812,5600.0,70.32142857142857,45.29038325887607,-169.36790923824955,12.526315789473678,5600.0,2.6339736E7
5700.0,876.831554194,0.0059494332498521854,5700.0,70.73684210526315,45.866338434797214,-166.02870813397138,13.260530421216826,5700.0,2.6340696E7
5800.0,892.953363579,0.006059297383685697,5800.0,71.1896551724138,46.53378172622437,-161.5023474178403,13.821557503867979,5800.0,2.6341744E7
5900.0,909.058331971,0.0061690531519560336,5900.0,71.54237288135593,47.0668400237764,-159.50540958268937,14.641586171835282,5900.0,2.634328E7
6000.0,925.153798616,0.00627875778988882,6000.0,71.88333333333333,47.50117632219029,-156.77321156773203,15.098137896326131,6000.0,2.6346552E7
6100.0,941.198918424,0.0063881265757886165,6100.0,72.06557377049181,47.68107846318152,-153.9493293591654,15.934879131721777,6100.0,2.6348312E7
6200.0,957.28587977,0.006497787958494339,6200.0,72.20967741935483,47.7612743146803,-150.07256894049362,16.56174334140433,6200.0,2.6350088E7
6300.0,973.385737294,0.006607541983184307,6300.0,72.5873015873016,48.332837561074015,-147.06723891273253,17.644253695755847,6300.0,2.6351224E7
6400.0,989.497888017,0.006717383212872923,6400.0,72.921875,48.81559455630368,-145.12022630834508,18.216139688532326,6400.0,2.635204E7
6500.0,1005.601101108,0.006827169511032382,6500.0,73.29230769230769,49.3815569253378,-143.1372549019609,19.44315545243619,6500.0,2.635348E7
6600.0,1021.714916099,0.006937041795924271,6600.0,73.43939393939394,49.528209289238454,-142.79778393351805,19.95433789954337,6600.0,2.6356768E7
6700.0,1037.828151873,0.0070469152003193435,6700.0,73.80597014925372,50.09757677550517,-140.08207934336525,21.05263157894737,6700.0,2.6357984E7
6800.0,1053.998240184,0.007157185007009733,6800.0,74.07352941176471,50.49559736044791,-138.5656292286875,21.39991083370485,6800.0,2.6360072E7
6900.0,1070.212979446,0.007267763801820249,6900.0,74.43478260869566,50.988299541718284,-138.0566801619434,21.42538975501114,6900.0,2.6361144E7
7000.0,1086.379110264,0.007378017594969185,7000.0,74.58571428571429,51.185740042682795,-137.5166889185581,21.93944712593245,7000.0,2.6362696E7
7100.0,1102.599997425,0.007488648521815103,7100.0,74.94366197183099,51.70480224238929,-136.56914893617017,22.382198952879577,7100.0,2.6363576E7
7200.0,1118.837628636,0.007599396470564338,7200.0,75.26388888888889,52.16255598605971,-136.52058432934925,22.73318872017352,7200.0,2.6364248E7
7300.0,1135.012231352,0.007709726888920234,7300.0,75.4931506849315,52.51203989254821,-136.3276089828269,23.44886606760806,7300.0,2.63672E7
7400.0,1151.295022518,0.007820796564351891,7400.0,75.82432432432432,52.94176361072381,-136.32760898282697,23.448866067608048,7400.0,2.6367504E7
7500.0,1167.632252479,0.007932240389072948,7500.0,76.12,53.31732817683705,-135.96837944664043,23.42881573321931,7500.0,2.6368168E7
7600.0,1183.98424888,0.00804378710843154,7600.0,76.4342105263158,53.71142448673672,-135.96837944664023,23.428815733219338,7600.0,2.636868E7
7700.0,1200.353920812,0.008155458739610448,7700.0,76.68831168831169,54.00491208836701,-136.49538866930186,23.257802479692167,7700.0,2.6369704E7
7800.0,1216.743795303,0.008267269614508707,7800.0,76.98717948717949,54.367750368225956,-136.49538866930163,23.257802479692177,7800.0,2.637004E7
7900.0,1233.173782131,0.008379356411933292,7900.0,77.27848101265823,54.71593586469778,-136.49538866930163,23.257802479692174,7900.0,2.6370576E7
8000.0,1249.621589684,0.008491569209153886,8000.0,77.525,54.9892551867029,-136.89064558629767,23.129542539546826,8000.0,2.6371616E7
8100.0,1266.090639486,0.008603930064326139,8100.0,77.80246913580247,55.31125536654324,-136.89064558629772,23.129542539546815,8100.0,2.6372352E7
8200.0,1282.573767161,0.008716389388502914,8200.0,78.07317073170732,55.62099275498469,-136.8906455862978,23.129542539546833,8200.0,2.637292E7
8300.0,1298.954489335,0.008828152607882063,8300.0,78.3132530120482,55.87956219059214,-137.1541501976284,23.044035912783237,8300.0,2.6373528E7
8400.0,1315.385327782,0.008940300677863132,8400.0,78.52380952380953,56.088671812721046,-137.68115942028993,22.873022659256126,8400.0,2.6383624E7
8500.0,1331.832527288,0.009052563619323701,8500.0,78.72941176470589,56.28879589797313,-138.2081686429512,22.702009405728926,8500.0,2.6384376E7
8600.0,1348.304844836,0.009164999882938125,8600.0,78.97674418604652,56.55744579864669,-138.20816864295128,22.70200940572895,8600.0,2.6384816E7
8700.0,1364.760467609,0.00927732440552768,8700.0,79.2183908045977,56.816749619233754,-138.20816864295125,22.702009405728973,8700.0,2.6385336E7
8800.0,1381.211971511,0.0093896245583878,8800.0,79.43181818181819,57.063392687460144,-137.22149410222815,22.814498933901916,8800.0,2.6386216E7
8900.0,1397.635719982,0.009501739429839942,8900.0,79.66292134831461,57.34080100147031,-136.60130718954247,23.011484474691613,8900.0,2.63872E7
9000.0,1414.073786148,0.009613958163083264,9000.0,79.84444444444443,57.501496142049014,-137.1241830065361,22.841344108889825,9000.0,2.638864E7
9100.0,1430.537407954,0.009726358956873456,9100.0,80.0,57.61859385546892,-137.90849673202598,22.58613356018718,9100.0,2.6390424E7
9200.0,1446.983947819,0.009838646566290878,9200.0,80.11956521739131,57.674965426724036,-139.08496732026126,22.203317737133144,9200.0,2.6391232E7
9300.0,1463.515951036,0.009951526840359517,9300.0,80.10752688172043,57.61895218383221,-137.78920308483308,22.33417296389586,9300.0,2.6393376E7
9324.0,1468.20077246,0.009983514857971838,9324.0,80.14800514800515,57.67315412368516,-136.70076726342703,22.45496439044827,9324.0,2.639348E7
