learning evaluation instances,evaluation time (cpu seconds),model cost (RAM-Hours),classified instances,classifications correct (percent),Kappa Statistic (percent),Kappa Temporal Statistic (percent),Kappa M Statistic (percent),model training instances,model serialized size (bytes)
100.0,8.700800161,5.45684127705964E-5,100.0,100.0,?,?,?,100.0,2.4242896E7
200.0,19.039413654,1.2373158106714484E-4,200.0,98.5,65.9863945578232,25.0,50.0,200.0,2.5859192E7
300.0,30.36012654,1.995069858712231E-4,300.0,99.0,66.21621621621627,24.99999999999979,50.0,300.0,2.58736E7
400.0,41.75710866,2.7581304374830524E-4,400.0,99.25,66.32996632996662,25.000000000000554,50.00000000000037,400.0,2.5880432E7
500.0,53.178304336,3.522964880566152E-4,500.0,99.0,54.145267791636165,16.666666666666664,37.5,500.0,2.58856E7
600.0,64.656815554,4.291830428209746E-4,600.0,98.66666666666667,42.3076923076929,0.0,20.0000000000004,600.0,2.5892096E7
700.0,76.244322019,5.06843255369418E-4,700.0,97.28571428571429,28.800856531049252,-58.333333333333435,13.636363636363779,700.0,2.5906632E7
800.0,88.205149536,5.871463409665896E-4,800.0,85.125,5.16039051603899,-815.3846153846164,2.459016393442571,800.0,2.5952056E7
900.0,100.267927979,6.681881082365465E-4,900.0,78.0,2.8300343530181626,-607.1428571428576,1.4925373134328699,900.0,2.596952E7
1000.0,112.348836912,7.49381635439428E-4,1000.0,74.6,2.0930501484022837,-296.87500000000034,1.1673151750972772,1000.0,2.5979104E7
1100.0,124.514104685,8.311728641054557E-4,1100.0,70.72727272727273,1.5427380125086922,-235.41666666666666,0.9230769230769104,1100.0,2.5988872E7
1200.0,136.671797338,9.12936084911082E-4,1200.0,70.33333333333334,1.3873179289490187,-204.27350427350413,0.8356545961002979,1200.0,2.599616E7
1300.0,148.945065305,9.95491790823572E-4,1300.0,68.0,1.135262609458715,-232.79999999999998,0.7159904534606317,1300.0,2.6000952E7
1400.0,161.232835152,0.0010781760687458496,1400.0,66.07142857142857,0.9561824193500471,-227.58620689655186,0.6276150627614976,1400.0,2.6010712E7
1500.0,173.600763174,0.0011614165472644382,1500.0,64.53333333333333,0.826446280991717,-197.20670391061466,0.5607476635514024,1500.0,2.6015968E7
1600.0,185.990291916,0.0012448165089704347,1600.0,63.0625,0.7202402200617422,-165.02242152466366,0.5050505050504943,1600.0,2.6020368E7
1700.0,198.387869888,0.0013282817126104294,1700.0,61.76470588235294,0.6357513465879275,-170.8333333333332,0.4594180704441198,1700.0,2.6023816E7
1800.0,210.823494843,0.001412038759988481,1800.0,61.38888888888889,0.9344314222362976,-144.71830985915489,0.7142857142857119,1800.0,2.6034912E7
1900.0,223.30827722,0.0014961379796599999,1900.0,60.31578947368421,2.213206063518439,-149.66887417218544,1.8229166666666667,1900.0,2.6038344E7
2000.0,235.758777545,0.0015800173250028213,2000.0,60.45,2.5439599432266204,-136.82634730538913,2.103960396039619,2000.0,2.6041776E7
2100.0,248.338665654,0.0016647863757229208,2100.0,59.238095238095234,3.4383178413500555,-130.72776280323458,2.947845804988662,2100.0,2.6047312E7
2200.0,260.943880641,0.0017497338908125325,2200.0,58.13636363636364,4.0370552798090475,-131.40703517587937,3.5602094240837796,2200.0,2.6049704E7
2300.0,273.499187077,0.0018343541109491059,2300.0,58.130434782608695,5.7120234304493565,-136.60933660933657,5.123152709359611,2300.0,2.6052488E7
2400.0,286.041076126,0.0019189010320824237,2400.0,58.166666666666664,6.627234343321593,-132.9466357308585,5.99250936329587,2400.0,2.6057768E7
2500.0,298.584868244,0.002003469452989599,2500.0,58.56,8.063961924991544,-125.70806100217867,7.334525939177112,2500.0,2.606044E7
2600.0,311.24765315,0.002088852606681621,2600.0,57.769230769230774,10.418199025482565,-139.2156862745098,9.852216748768484,2600.0,2.6064256E7
2700.0,323.95601787,0.0021745577213678935,2700.0,57.333333333333336,12.85813223240521,-150.98039215686268,12.5948406676783,2700.0,2.6068704E7
2800.0,336.726788989,0.002260695043000518,2800.0,57.464285714285715,15.833702660874527,-159.47712418300654,13.820549927641093,2800.0,2.6072136E7
2900.0,349.452214354,0.0023465473452145037,2900.0,57.27586206896552,17.664684380144386,-169.93464052287584,10.34732272069465,2900.0,2.6078464E7
3000.0,362.209134746,0.002432624458811077,3000.0,57.3,19.501398828151505,-179.08496732026143,7.308248914616488,3000.0,2.60822E7
3100.0,374.973715495,0.002518764091778591,3100.0,57.774193548387096,21.77849777088284,-185.18518518518516,5.282199710564401,3100.0,2.608548E7
3200.0,387.734148713,0.002604880383824106,3200.0,57.875,22.982651099411225,-191.1447084233262,2.881844380403448,3200.0,2.6086888E7
3300.0,400.464601667,0.002690802489393077,3300.0,58.69696969696969,24.575615213728405,-188.16067653276966,4.081632653061225,3300.0,2.608936E7
3400.0,413.245993166,0.0027770716499724455,3400.0,59.55882352941176,26.705940785298417,-188.2599580712789,3.644008409250168,3400.0,2.6090344E7
3500.0,425.955075615,0.0028628559367014496,3500.0,60.25714285714285,27.772334719780094,-186.21399176954725,5.502717391304344,3500.0,2.6091312E7
3600.0,438.679619912,0.002948750092418209,3600.0,60.97222222222223,28.887764140199927,-184.98985801217037,7.260726072607262,3600.0,2.6092984E7
3700.0,451.402891052,0.0030346439749377547,3700.0,61.70270270270271,30.01258542685528,-185.11066398390346,9.224855861627173,3700.0,2.6095512E7
3800.0,464.194977061,0.003121006710537955,3800.0,62.23684210526316,31.14290404454939,-177.02702702702712,9.463722397476342,3800.0,2.6096808E7
3900.0,476.936572693,0.0032070315257783197,3900.0,62.717948717948715,31.786407949182273,-171.77570093457956,11.178985949908352,3900.0,2.6097704E7
4000.0,489.798044042,0.0032938708984476036,4000.0,63.275000000000006,33.194598812873934,-174.57943925233636,10.262675626145397,4000.0,2.6099272E7
4100.0,502.65096578,0.003380661562558383,4100.0,63.926829268292686,34.54477862946768,-175.4189944134078,10.200364298724963,4100.0,2.6101984E7
4200.0,515.507852622,0.003467481502654616,4200.0,64.47619047619048,35.55568719209391,-172.76051188299812,10.551558752997598,4200.0,2.6102736E7
4300.0,528.396968119,0.0035545242246483267,4300.0,65.02325581395348,36.68670334619073,-174.45255474452554,9.940119760479032,4300.0,2.610428E7
4400.0,541.191318589,0.0036409299190477253,4400.0,65.63636363636364,37.64892355170207,-170.96774193548384,11.475409836065577,4400.0,2.6105168E7
4500.0,554.038294849,0.0037276957505014267,4500.0,66.2,38.56456227665758,-171.1229946524063,12.636415852958066,4500.0,2.6106592E7
4600.0,566.919064743,0.0038146937359413028,4600.0,66.76086956521739,39.59621338835237,-172.06405693950177,12.478534630795659,4600.0,2.6107768E7
4700.0,579.732744809,0.0039012416132873577,4700.0,67.38297872340425,40.55137197773309,-171.32743362831866,14.309670206819433,4700.0,2.610868E7
4800.0,592.700025939,0.003988910024559105,4800.0,67.91666666666667,41.419948124320946,-166.89774696707096,15.151515151515168,4800.0,2.613344E7
4900.0,605.658768813,0.004076526691651157,4900.0,68.3469387755102,42.146831446838476,-166.03773584905665,15.292190060076463,4900.0,2.6135224E7
5000.0,618.644654351,0.0041643302083362,5000.0,68.89999999999999,43.07395655843665,-163.113367174281,15.443175638934193,5000.0,2.6136216E7
5100.0,631.637334377,0.0042521859040811115,5100.0,69.33333333333334,43.78386119538724,-163.74367622259683,15.55075593952485,5100.0,2.6138072E7
5200.0,644.646198116,0.0043401552869572115,5200.0,69.88461538461539,44.66563452681752,-162.31155778894475,15.625000000000009,5200.0,2.6139336E7
5300.0,657.6952883,0.0044283998244618004,5300.0,70.43396226415094,45.50882661084597,-159.86733001658382,15.843179377013946,5300.0,2.6140264E7
5400.0,670.702920258,0.004516371538293589,5400.0,70.7037037037037,45.87826372543653,-159.7701149425288,16.02972399150743,5400.0,2.6142504E7
5500.0,683.768303085,0.004604744182524457,5500.0,71.18181818181817,46.60462369964573,-157.72357723577238,16.49104320337197,5500.0,2.6145568E7
5600.0,696.818601309,0.004693022439892965,5600.0,71.69642857142857,47.36280288923416,-156.8881685575364,16.57894736842106,5600.0,2.6147832E7
5700.0,710.160167638,0.004783274724736159,5700.0,72.05263157894737,47.83231883248636,-154.06698564593304,17.16068642745709,5700.0,2.614892E7
5800.0,723.790833047,0.004875486104356825,5800.0,72.44827586206897,48.39347950689281,-150.07824726134572,17.586384734399193,5800.0,2.6149888E7
5900.0,736.829400383,0.004963697016758027,5900.0,72.7457627118644,48.82677319017431,-148.531684698609,18.25114387391967,5900.0,2.6151392E7
6000.0,749.884343445,0.005052029713794872,6000.0,73.06666666666666,49.235915715285124,-145.96651445966504,18.67136386512332,6000.0,2.6154648E7
6100.0,762.911437165,0.00514018006906,6100.0,73.26229508196721,49.46971413015544,-143.070044709389,19.536260483473107,6100.0,2.6156456E7
6200.0,775.929492227,0.005228275189786487,6200.0,73.5,49.739039305446866,-138.46153846153857,20.435835351089572,6200.0,2.6158216E7
6300.0,788.976030766,0.005316566896620286,6300.0,73.85714285714286,50.28872124429543,-135.62231759656663,21.459227467811147,6300.0,2.6159352E7
6400.0,802.027864545,0.005404897031855717,6400.0,74.21875,50.83039363342997,-133.38048090523338,22.13308164228409,6400.0,2.616012E7
6500.0,815.079675571,0.005493232091382318,6500.0,74.58461538461538,51.41077533252939,-131.37254901960793,23.34106728538283,6500.0,2.6161624E7
6600.0,828.163750466,0.005581796589029682,6600.0,74.72727272727273,51.56743287332777,-131.02493074792244,23.83561643835617,6600.0,2.6164896E7
6700.0,841.278056452,0.005670569788439304,6700.0,75.07462686567165,52.115998682922495,-128.454172366621,24.876293297345946,6700.0,2.6166096E7
6800.0,854.401401399,0.005759411317392379,6800.0,75.33823529411765,52.511126795074915,-126.9282814614344,25.23406152474365,6800.0,2.61682E7
6900.0,867.577479876,0.005848613383221217,6900.0,75.68115942028986,52.976181047916924,-126.45074224021596,25.25612472160358,6900.0,2.616924E7
7000.0,880.683887765,0.005937349041361184,7000.0,75.85714285714286,53.211298802929086,-125.63417890520698,25.84466871434841,7000.0,2.6170792E7
7100.0,893.833238218,0.006026378268201385,7100.0,76.1830985915493,53.674858089438324,-124.86702127659575,26.221640488656174,7100.0,2.6171624E7
7200.0,906.994387136,0.0061154898838710675,7200.0,76.48611111111111,54.109430200374064,-124.83399734395746,26.550976138828624,7200.0,2.617236E7
7300.0,920.131130929,0.0062044462894468265,7300.0,76.6986301369863,54.43900235383629,-124.70277410832227,27.214377406931966,7300.0,2.6175312E7
7400.0,933.371845671,0.006294108002323522,7400.0,77.01351351351352,54.84524180040473,-124.70277410832233,27.214377406931963,7400.0,2.617568E7
7500.0,946.584865218,0.006383584223488972,7500.0,77.29333333333334,55.1980315405858,-124.37417654808966,27.191107310816587,7500.0,2.617628E7
7600.0,959.821048533,0.006473219332708799,7600.0,77.59210526315789,55.57079994941523,-124.37417654808954,27.19110731081659,7600.0,2.6176872E7
7700.0,973.063652419,0.006562901429970184,7700.0,77.83116883116882,55.842394043112456,-124.90118577075111,27.02009405728944,7700.0,2.6177896E7
7800.0,986.290878366,0.006652480533887529,7800.0,78.11538461538461,56.185802786423146,-124.90118577075091,27.020094057289445,7800.0,2.6178232E7
7900.0,999.536658316,0.006742187237948144,7900.0,78.39240506329114,56.51541612708502,-124.90118577075096,27.02009405728943,7900.0,2.61788E7
8000.0,1012.811266596,0.006832092752648967,8000.0,78.60000000000001,56.72832522252719,-125.5599472990776,26.80632749038053,8000.0,2.617984E7
8100.0,1026.097042572,0.006922076432949651,8100.0,78.8641975308642,57.03369121032987,-125.55994729907765,26.80632749038053,8100.0,2.6180576E7
8200.0,1039.38939928,0.007012106637317659,8200.0,79.1219512195122,57.327484141128394,-125.55994729907776,26.80632749038053,8200.0,2.6181144E7
8300.0,1052.724166165,0.0071024261866619535,8300.0,79.37349397590361,57.61034969015307,-125.5599472990776,26.80632749038053,8300.0,2.6181752E7
8400.0,1066.097038199,0.007193038703729502,8400.0,79.5952380952381,57.84287493462361,-125.82345191040855,26.72082086361695,8400.0,2.6191832E7
8500.0,1079.514941556,0.0072839588453712766,8500.0,79.78823529411765,58.02664829263051,-126.35046113306973,26.549807610089776,8500.0,2.6192552E7
8600.0,1092.902881349,0.0073746775877041645,8600.0,80.02325581395348,58.28109811396386,-126.35046113306987,26.549807610089786,8600.0,2.6193024E7
8700.0,1106.350061817,0.007465799451628422,8700.0,80.25287356321839,58.52673658364929,-126.35046113306994,26.549807610089776,8700.0,2.6193512E7
8800.0,1119.815269004,0.007557046590832304,8800.0,80.45454545454545,58.759729377071935,-125.42595019659247,26.65245202558636,8800.0,2.6194408E7
8900.0,1133.189322745,0.007647679598201292,8900.0,80.67415730337079,59.02467593545556,-124.83660130718954,26.839642705231796,8900.0,2.619544E7
9000.0,1146.582395618,0.0077384464833342445,9000.0,80.86666666666666,59.20963442220465,-125.09803921568638,26.75457252233092,9000.0,2.619688E7
9100.0,1160.03695645,0.007829636291263221,9100.0,81.03296703296704,59.35003746765738,-125.62091503267969,26.584432156529125,9100.0,2.6198664E7
9200.0,1173.482710968,0.007920768890042484,9200.0,81.16304347826086,59.42830131217009,-126.53594771241823,26.286686516375983,9200.0,2.6199376E7
9300.0,1186.82969204,0.008011239646370119,9300.0,81.16129032258065,59.392119953847356,-125.19280205655532,26.44836272040303,9300.0,2.6201584E7
9324.0,1190.732595859,0.008037695055603315,9324.0,81.1990561990562,59.443455569404435,-124.1687979539642,26.560536237955578,9324.0,2.6201672E7
