learning evaluation instances,evaluation time (cpu seconds),model cost (RAM-Hours),classified instances,classifications correct (percent),Kappa Statistic (percent),Kappa Temporal Statistic (percent),Kappa M Statistic (percent),model training instances,model serialized size (bytes)
100.0,7.342012193,4.5619643352572576E-5,100.0,100.0,?,?,?,100.0,2.4018128E7
200.0,15.652723754,1.0073476712208539E-4,200.0,98.5,65.9863945578232,25.0,50.0,200.0,2.5635096E7
300.0,24.406570136,1.5882033064455338E-4,300.0,99.0,66.21621621621627,24.99999999999979,50.0,300.0,2.5649072E7
400.0,33.215909877,2.1728932201876805E-4,400.0,99.25,66.32996632996662,25.000000000000554,50.00000000000037,400.0,2.5655744E7
500.0,42.073547525,2.760910832871057E-4,500.0,99.0,54.145267791636165,16.666666666666664,37.5,500.0,2.5661072E7
600.0,50.977412605,3.352145428066034E-4,600.0,98.83333333333333,45.7364341085271,12.49999999999948,29.999999999999932,600.0,2.5667408E7
700.0,59.949309789,3.9482341352405846E-4,700.0,97.57142857142857,36.29550321199153,-41.66666666666656,22.727272727272968,700.0,2.5682008E7
800.0,69.303339868,4.5708119498764856E-4,800.0,86.75,20.372596153846178,-715.3846153846158,13.11475409836067,800.0,2.572748E7
900.0,78.746284176,5.199732317508325E-4,900.0,79.77777777777779,13.953415072335867,-550.0000000000003,9.452736318407993,900.0,2.5744864E7
1000.0,88.234017677,5.831870979262338E-4,1000.0,76.4,11.67862997088391,-268.7500000000003,8.17120622568094,1000.0,2.5754448E7
1100.0,97.849175619,6.472742913685175E-4,1100.0,72.36363636363636,8.870418313121647,-216.66666666666666,6.4615384615384475,1100.0,2.5764232E7
1200.0,107.412987503,7.110371647232407E-4,1200.0,71.83333333333334,8.010940710601892,-188.88888888888874,5.8495821727019734,1200.0,2.5771472E7
1300.0,117.044765576,7.752651955286022E-4,1300.0,69.38461538461539,6.674218346975678,-218.39999999999998,5.011933174224353,1300.0,2.5776296E7
1400.0,126.738565404,8.399312849280091E-4,1400.0,67.5,6.242456712569109,-213.79310344827593,4.811715481171557,1400.0,2.5786056E7
1500.0,136.478766698,9.049201162637749E-4,1500.0,66.0,6.032354350149271,-184.9162011173185,4.6728971962616965,1500.0,2.5791296E7
1600.0,146.258986071,9.701871304368229E-4,1600.0,64.5,5.523860215232623,-154.70852017937213,4.377104377104374,1600.0,2.5795712E7
1700.0,156.068848666,0.001035660755776034,1700.0,63.17647058823529,5.311017982186871,-160.8333333333333,4.1347626339969334,1700.0,2.5799176E7
1800.0,165.865985943,0.0011010779775965007,1800.0,62.66666666666667,5.144291091593469,-136.6197183098591,3.9999999999999982,1800.0,2.5810432E7
1900.0,175.76970762,0.0011672155114967621,1900.0,61.68421052631579,6.376066062000797,-141.05960264900668,5.208333333333322,1900.0,2.58138E7
2000.0,185.633522931,0.0012330952656156406,2000.0,61.85000000000001,6.831236323851203,-128.443113772455,5.569306930693087,2000.0,2.5817216E7
2100.0,195.607608107,0.0012997261195273023,2100.0,60.61904761904762,7.3617707679899755,-122.91105121293806,6.235827664399097,2100.0,2.582288E7
2200.0,205.60213721,0.001366499607625513,2200.0,59.54545454545455,7.78635445267574,-123.61809045226131,6.806282722513088,2200.0,2.5825224E7
2300.0,215.56610498,0.0014330760916148808,2300.0,59.52173913043478,9.283093686716752,-128.74692874692872,8.275862068965514,2300.0,2.5828008E7
2400.0,225.517091298,0.0014995793471925848,2400.0,59.54166666666667,10.091760108889892,-125.29002320185614,9.082397003745317,2400.0,2.5833256E7
2500.0,235.46436172,0.0015660646451672294,2500.0,59.96,11.542931635146143,-118.08278867102398,10.46511627906978,2500.0,2.5835928E7
2600.0,245.554389456,0.001633514103289582,2600.0,59.23076923076923,13.731578749671328,-130.93681917211327,12.972085385878495,2600.0,2.583976E7
2700.0,255.665337975,0.001701115004742187,2700.0,59.074074074074076,16.498740554156186,-140.74074074074065,16.160849772382402,2700.0,2.5844192E7
2800.0,265.78658241,0.0017687936881351134,2800.0,59.32142857142857,19.46310080698518,-148.14814814814815,17.583212735166416,2800.0,2.5847608E7
2900.0,275.940084637,0.0018367047786881237,2900.0,59.17241379310345,21.159897353566272,-157.9520697167756,14.327062228654125,2900.0,2.5853968E7
3000.0,286.106324684,0.0019047110173574346,3000.0,59.3,23.005391934714954,-166.01307189542482,11.649782923299561,3000.0,2.5857752E7
3100.0,296.296188129,0.00197288388714451,3100.0,60.0,25.52061939563974,-170.1525054466231,10.274963820549923,3100.0,2.5861016E7
3200.0,306.488784911,0.002041078714146148,3200.0,60.34374999999999,27.004465152397582,-174.08207343412536,8.573487031700273,3200.0,2.5862408E7
3300.0,316.640880508,0.002109009055317904,3300.0,61.151515151515156,28.558618712150313,-171.03594080338266,9.781843771991579,3300.0,2.586488E7
3400.0,326.854479585,0.0021773535324360544,3400.0,62.02941176470588,30.625317286361557,-170.64989517819714,9.530483531885055,3400.0,2.5865864E7
3500.0,336.978768114,0.002245102963712072,3500.0,62.857142857142854,31.93041163699729,-167.4897119341563,11.684782608695654,3500.0,2.5866848E7
3600.0,347.113210418,0.0023129244317245654,3600.0,63.55555555555556,33.04215061263199,-166.12576064908725,13.399339933993385,3600.0,2.5868408E7
3700.0,357.271707072,0.002380913603378898,3700.0,64.21621621621621,34.082110750342785,-166.39839034205238,15.182575272261372,3700.0,2.5870968E7
3800.0,367.479797288,0.002449238034727822,3800.0,64.84210526315789,35.33257840453568,-157.91505791505801,15.709779179810718,3800.0,2.5872232E7
3900.0,377.617750914,0.002517095380248331,3900.0,65.53846153846153,36.372025541504215,-151.21495327102815,17.898594990836884,3900.0,2.5873128E7
4000.0,387.88688272,0.002585834876460699,4000.0,66.125,37.74173894904379,-153.2710280373831,17.226634086744046,4000.0,2.587468E7
4100.0,398.114133074,0.002654301202085596,4100.0,66.8780487804878,39.20693205628366,-152.88640595903163,17.547055251973298,4100.0,2.5877392E7
4200.0,408.352244724,0.0027228422727846057,4200.0,67.38095238095238,40.12297579444761,-150.45703839122478,17.86570743405277,4200.0,2.587816E7
4300.0,418.664465565,0.0027918836439084823,4300.0,67.90697674418604,41.16573930493478,-151.82481751824815,17.365269461077833,4300.0,2.587972E7
4400.0,428.847391782,0.00286006175576185,4400.0,68.45454545454545,42.04619299513534,-148.7455197132616,18.735362997658086,4400.0,2.5880624E7
4500.0,439.075942876,0.0029285491095879367,4500.0,68.97777777777779,42.90925079160932,-148.84135472370755,19.816197587593336,4500.0,2.5882048E7
4600.0,449.351967379,0.002997357457620023,4600.0,69.45652173913044,43.77931078636939,-150.0,19.576416714367497,4600.0,2.5883224E7
4700.0,459.551005817,0.003065652712612556,4700.0,70.1063829787234,44.81004660243509,-148.67256637168146,21.464505310229164,4700.0,2.5884136E7
4800.0,469.914361788,0.003135114659729044,4800.0,70.5625,45.54913294797687,-144.88734835355282,22.148760330578508,4800.0,2.5908896E7
4900.0,480.306665599,0.003204775473376693,4900.0,70.97959183673468,46.24429890076927,-143.9108061749572,22.337520480611687,4900.0,2.5910696E7
5000.0,490.722824951,0.0032745989959276148,5000.0,71.54,47.16991107021657,-140.77834179357026,22.620989668298,5000.0,2.5911736E7
5100.0,501.1257752,0.003344338967741693,5100.0,72.09803921568627,48.07022715921467,-139.96627318718373,23.164146868250533,5100.0,2.5913592E7
5200.0,511.570818723,0.0034143645426781928,5200.0,72.59615384615384,48.85665285911326,-138.6934673366835,23.221982758620676,5200.0,2.5914856E7
5300.0,522.021762962,0.0034844322294078113,5300.0,73.05660377358491,49.544188368363415,-136.81592039800998,23.30827067669172,5300.0,2.59158E7
5400.0,532.465671075,0.0035544587085580832,5400.0,73.35185185185186,49.94759395985606,-136.2889983579639,23.61995753715501,5400.0,2.5918008E7
5500.0,542.912391344,0.0036245123239213484,5500.0,73.78181818181818,50.60224034504562,-134.47154471544715,24.02528977871444,5500.0,2.5921072E7
5600.0,553.391654184,0.003694790257564607,5600.0,74.25,51.28495933978427,-133.71150729335483,24.105263157894754,5600.0,2.592332E7
5700.0,563.8157119,0.0037647008986115547,5700.0,74.59649122807018,51.75339376434709,-130.94098883572573,24.70098803952156,5700.0,2.5924408E7
5800.0,574.289451549,0.003834947275786702,5800.0,75.0344827586207,52.412634767311815,-126.60406885758988,25.322331098504396,5800.0,2.5925344E7
5900.0,584.768469769,0.0039052330896993683,5900.0,75.42372881355932,53.007833712218556,-124.11128284389493,26.283680732079308,5900.0,2.5926832E7
6000.0,595.276230826,0.003975720584645919,6000.0,75.7,53.35817413993337,-121.917808219178,26.623049823855073,6000.0,2.5930104E7
6100.0,605.724336234,0.0040458126152730116,6100.0,75.90163934426229,53.653401040268456,-119.0760059612519,27.479033053774053,6100.0,2.5931848E7
6200.0,616.194253911,0.00411605574251029,6200.0,76.09677419354838,53.877499594663725,-115.09433962264157,28.232445520581106,6200.0,2.5933608E7
6300.0,626.675409086,0.00418637729946437,6300.0,76.4126984126984,54.3794740087557,-112.58941344778263,29.136862184072477,6300.0,2.5934728E7
6400.0,637.192369541,0.0042569413060817955,6400.0,76.75,54.904372095754326,-110.4667609618105,29.77819726285982,6400.0,2.5935544E7
6500.0,647.698138453,0.004327434136255384,6500.0,77.1076923076923,55.511377670777776,-108.40336134453786,30.951276102088183,6500.0,2.5936984E7
6600.0,658.206335309,0.0043979521960858204,6600.0,77.22727272727272,55.6524188248548,-108.17174515235466,31.369863013698605,6600.0,2.5940272E7
6700.0,668.722924573,0.004468529840189223,6700.0,77.53731343283582,56.157712059974905,-105.88235294117648,32.298695456590195,6700.0,2.5941472E7
6800.0,679.276613312,0.004539362249862596,6800.0,77.83823529411765,56.62290917901503,-103.92422192151555,32.813196611680794,6800.0,2.5943592E7
6900.0,689.871688007,0.004610475233322485,6900.0,78.15942028985508,57.05790284414014,-103.37381916329286,32.87305122494434,6900.0,2.5944616E7
7000.0,700.382539936,0.0046810271429252905,7000.0,78.34285714285714,57.336336889523075,-102.40320427236314,33.4795963141729,7000.0,2.5946168E7
7100.0,710.964004857,0.0047520554803043135,7100.0,78.64788732394366,57.784599010952576,-101.595744680851,33.85689354275742,7100.0,2.5947064E7
7200.0,721.543501587,0.0048230724453664905,7200.0,78.94444444444444,58.21870642279443,-101.32802124833998,34.22993492407807,7200.0,2.5947736E7
7300.0,732.067468896,0.00489372469519397,7300.0,79.13698630136986,58.53551089871713,-101.18890356671069,34.830979888746256,7300.0,2.5950688E7
7400.0,742.680002456,0.0049649723657645885,7400.0,79.41891891891892,58.8951324384813,-101.18890356671064,34.830979888746285,7400.0,2.5950992E7
7500.0,753.27350938,0.005036094119973496,7500.0,79.67999999999999,59.22498795478318,-100.79051383399222,34.84395040615645,7500.0,2.5951656E7
7600.0,763.89787329,0.005107424446346216,7600.0,79.94736842105263,59.55509204478021,-100.79051383399202,34.84395040615649,7600.0,2.5952168E7
7700.0,774.538462399,0.005178866524974221,7700.0,80.15584415584416,59.78282396795479,-101.31752305665356,34.67293715262934,7700.0,2.5953192E7
7800.0,785.146779288,0.0052500928465001795,7800.0,80.41025641025641,60.087286623340376,-101.31752305665349,34.672937152629316,7800.0,2.5953528E7
7900.0,795.760951917,0.005321360000347231,7900.0,80.65822784810126,60.379637591450084,-101.31752305665349,34.67293715262931,7900.0,2.595408E7
8000.0,806.386969764,0.005392709545920898,8000.0,80.825,60.5314286188438,-102.10803689064547,34.41641727233863,8000.0,2.595512E7
8100.0,817.013476459,0.0054640643972437815,8100.0,81.06172839506172,60.80277620345483,-102.10803689064554,34.41641727233861,8100.0,2.5955856E7
8200.0,827.648896627,0.005535480663531862,8200.0,81.29268292682926,61.06393385759442,-102.10803689064572,34.41641727233859,8200.0,2.5956424E7
8300.0,838.275376761,0.005606838569418723,8300.0,81.51807228915663,61.315464996788194,-102.10803689064547,34.41641727233862,8300.0,2.5957032E7
8400.0,848.93322692,0.005678434920756542,8400.0,81.70238095238095,61.49553870994485,-102.50329380764181,34.288157332193244,8400.0,2.5967112E7
8500.0,859.609528402,0.005750157299738662,8500.0,81.89411764705883,61.68861665023293,-102.7667984189722,34.202650705429676,8500.0,2.5967864E7
8600.0,870.304291079,0.005822004916641575,8600.0,82.1046511627907,61.915043100451705,-102.76679841897236,34.20265070542968,8600.0,2.5968304E7
8700.0,881.001417342,0.005893869895461568,8700.0,82.3103448275862,62.133694334893185,-102.76679841897243,34.20265070542967,8700.0,2.596884E7
8800.0,891.648048664,0.005965398065092173,8800.0,82.51136363636363,62.37914308048127,-101.70380078636971,34.371002132196146,8800.0,2.596972E7
8900.0,902.314138237,0.006037059722072085,8900.0,82.70786516853933,62.61832168652064,-101.17647058823525,34.53849425776266,8900.0,2.597072E7
9000.0,913.003960559,0.006108885034446126,9000.0,82.87777777777777,62.77708646655486,-101.43790849673218,34.45342407486174,9000.0,2.597224E7
9100.0,923.705819135,0.006180796158000873,9100.0,83.04395604395604,62.930005129125234,-101.69934640522864,34.36835389196088,9100.0,2.5974024E7
9200.0,934.428892508,0.0062528520314149025,9200.0,83.15217391304348,62.97949152097955,-102.61437908496718,34.07060825180774,9200.0,2.5974816E7
9300.0,945.059713312,0.006324293891351212,9300.0,83.13978494623656,62.92764239696345,-101.54241645244223,34.17296389588581,9300.0,2.597696E7
9324.0,948.284557172,0.006345965761283272,9324.0,83.17245817245818,62.973018366900035,-100.63938618925827,34.26895684960201,9324.0,2.5977064E7
