learning evaluation instances,evaluation time (cpu seconds),model cost (RAM-Hours),classified instances,classifications correct (percent),Kappa Statistic (percent),Kappa Temporal Statistic (percent),Kappa M Statistic (percent),model training instances,model serialized size (bytes)
100.0,8.692756882,5.451796810339574E-5,100.0,100.0,?,?,?,100.0,2.4242896E7
200.0,18.89802285,1.2278906926543455E-4,200.0,98.5,65.9863945578232,25.0,50.0,200.0,2.5859192E7
300.0,29.98125647,1.969749021322208E-4,300.0,99.0,66.21621621621627,24.99999999999979,50.0,300.0,2.58736E7
400.0,41.140473737,2.7168905625415745E-4,400.0,99.25,66.32996632996662,25.000000000000554,50.00000000000037,400.0,2.5880432E7
500.0,52.317616135,3.465381677110132E-4,500.0,99.0,54.145267791636165,16.666666666666664,37.5,500.0,2.58856E7
600.0,63.584617375,4.220079643960492E-4,600.0,98.66666666666667,42.3076923076929,0.0,20.0000000000004,600.0,2.5892096E7
700.0,74.931979307,4.980587128607868E-4,700.0,97.28571428571429,28.800856531049252,-58.333333333333435,13.636363636363779,700.0,2.5906632E7
800.0,86.608530926,5.764532154825864E-4,800.0,85.125,5.16039051603899,-815.3846153846164,2.459016393442571,800.0,2.5952056E7
900.0,98.403966186,6.556988821178286E-4,900.0,78.0,2.8300343530181626,-607.1428571428576,1.4925373134328699,900.0,2.596952E7
1000.0,110.263305809,7.354032834694533E-4,1000.0,74.6,2.0930501484022837,-296.87500000000034,1.1673151750972772,1000.0,2.5979104E7
1100.0,122.197764335,8.156427031451759E-4,1100.0,70.72727272727273,1.5427380125086922,-235.41666666666666,0.9230769230769104,1100.0,2.5988872E7
1200.0,134.098742841,8.956794635043859E-4,1200.0,70.33333333333334,1.3873179289490187,-204.27350427350413,0.8356545961002979,1200.0,2.599616E7
1300.0,146.114649907,9.76504040355451E-4,1300.0,68.0,1.135262609458715,-232.79999999999998,0.7159904534606317,1300.0,2.6000952E7
1400.0,158.132184486,0.0010573699079167004,1400.0,66.07142857142857,0.9561824193500471,-227.58620689655186,0.6276150627614976,1400.0,2.6010712E7
1500.0,170.243674356,0.0011388844680401517,1500.0,64.53333333333333,0.826446280991717,-197.20670391061466,0.5607476635514024,1500.0,2.6015968E7
1600.0,182.38713451,0.001220628022045452,1600.0,63.0625,0.7202402200617422,-165.02242152466366,0.5050505050504943,1600.0,2.6020368E7
1700.0,194.5758236,0.0013026869063935947,1700.0,61.76470588235294,0.6357513465879275,-170.8333333333332,0.4594180704441198,1700.0,2.6023816E7
1800.0,206.73927304,0.0013846107835379434,1800.0,61.38888888888889,0.9344314222362976,-144.71830985915489,0.7142857142857119,1800.0,2.6034912E7
1900.0,218.971818368,0.0014670108995845383,1900.0,60.31578947368421,2.213206063518439,-149.66887417218544,1.8229166666666667,1900.0,2.6038344E7
2000.0,231.1886955,0.001549316319384272,2000.0,60.45,2.5439599432266204,-136.82634730538913,2.103960396039619,2000.0,2.6041776E7
2100.0,243.491274168,0.0016322167320158916,2100.0,59.238095238095234,3.4383178413500555,-130.72776280323458,2.947845804988662,2100.0,2.6047312E7
2200.0,255.810813964,0.001715239059980712,2200.0,58.13636363636364,4.0370552798090475,-131.40703517587937,3.5602094240837796,2200.0,2.6049704E7
2300.0,268.123103478,0.001798221395327983,2300.0,58.130434782608695,5.7120234304493565,-136.60933660933657,5.123152709359611,2300.0,2.6052488E7
2400.0,280.41585044,0.0018810888089885204,2400.0,58.166666666666664,6.627234343321593,-132.9466357308585,5.99250936329587,2400.0,2.6057768E7
2500.0,292.717094063,0.0019640220032415383,2500.0,58.56,8.063961924991544,-125.70806100217867,7.334525939177112,2500.0,2.606044E7
2600.0,305.145223207,0.0020478229102840048,2600.0,57.769230769230774,10.418199025482565,-139.2156862745098,9.852216748768484,2600.0,2.6064256E7
2700.0,317.609585909,0.0021318824772230158,2700.0,57.333333333333336,12.85813223240521,-150.98039215686268,12.5948406676783,2700.0,2.6068704E7
2800.0,330.102065451,0.0022161427554999702,2800.0,57.464285714285715,15.833702660874527,-159.47712418300654,13.820549927641093,2800.0,2.6072136E7
2900.0,342.627351266,0.0023006448127799966,2900.0,57.27586206896552,17.664684380144386,-169.93464052287584,10.34732272069465,2900.0,2.6078464E7
3000.0,355.159574354,0.002385205784959447,3000.0,57.3,19.501398828151505,-179.08496732026143,7.308248914616488,3000.0,2.60822E7
3100.0,367.707183736,0.0024698812230360082,3100.0,57.774193548387096,21.77849777088284,-185.18518518518516,5.282199710564401,3100.0,2.608548E7
3200.0,380.239174055,0.002554455823269818,3200.0,57.875,22.982651099411225,-191.1447084233262,2.881844380403448,3200.0,2.6086888E7
3300.0,392.733742466,0.0026387858647795625,3300.0,58.69696969696969,24.575615213728405,-188.16067653276966,4.081632653061225,3300.0,2.608936E7
3400.0,405.304728124,0.0027236348720614217,3400.0,59.55882352941176,26.705940785298417,-188.2599580712789,3.644008409250168,3400.0,2.6090344E7
3500.0,417.788045593,0.0028078952810553174,3500.0,60.25714285714285,27.772334719780094,-186.21399176954725,5.502717391304344,3500.0,2.6091312E7
3600.0,430.298491568,0.0028923442145166204,3600.0,60.97222222222223,28.887764140199927,-184.98985801217037,7.260726072607262,3600.0,2.6092984E7
3700.0,442.795242743,0.0029767088771486113,3700.0,61.70270270270271,30.01258542685528,-185.11066398390346,9.224855861627173,3700.0,2.6095512E7
3800.0,455.386190044,0.003061713672453089,3800.0,62.23684210526316,31.14290404454939,-177.02702702702712,9.463722397476342,3800.0,2.6096808E7
3900.0,467.880652294,0.0031460699679773767,3900.0,62.717948717948715,31.786407949182273,-171.77570093457956,11.178985949908352,3900.0,2.6097704E7
4000.0,480.520276618,0.003231411451644945,4000.0,63.275000000000006,33.194598812873934,-174.57943925233636,10.262675626145397,4000.0,2.6099272E7
4100.0,493.125747678,0.003316531179830332,4100.0,63.926829268292686,34.54477862946768,-175.4189944134078,10.200364298724963,4100.0,2.6101984E7
4200.0,505.762752296,0.0034018663000202763,4200.0,64.47619047619048,35.55568719209391,-172.76051188299812,10.551558752997598,4200.0,2.6102736E7
4300.0,518.436171684,0.003487452383933959,4300.0,65.02325581395348,36.68670334619073,-174.45255474452554,9.940119760479032,4300.0,2.610428E7
4400.0,530.995502435,0.003572270890139212,4400.0,65.63636363636364,37.64892355170207,-170.96774193548384,11.475409836065577,4400.0,2.6105168E7
4500.0,543.612288033,0.0036574820612761904,4500.0,66.2,38.56456227665758,-171.1229946524063,12.636415852958066,4500.0,2.6106592E7
4600.0,556.268237746,0.0037429615891243087,4600.0,66.76086956521739,39.59621338835237,-172.06405693950177,12.478534630795659,4600.0,2.6107768E7
4700.0,568.848200244,0.0038279308599104456,4700.0,67.38297872340425,40.55137197773309,-171.32743362831866,14.309670206819433,4700.0,2.610868E7
4800.0,581.569104989,0.003913933584595213,4800.0,67.91666666666667,41.419948124320946,-166.89774696707096,15.151515151515168,4800.0,2.613344E7
4900.0,594.339952627,0.00400027985420343,4900.0,68.3469387755102,42.146831446838476,-166.03773584905665,15.292190060076463,4900.0,2.6135224E7
5000.0,607.137259267,0.004086808302633132,5000.0,68.89999999999999,43.07395655843665,-163.113367174281,15.443175638934193,5000.0,2.6136216E7
5100.0,619.918416606,0.004173233695099965,5100.0,69.33333333333334,43.78386119538724,-163.74367622259683,15.55075593952485,5100.0,2.6138072E7
5200.0,632.721184138,0.004259809400825881,5200.0,69.88461538461539,44.66563452681752,-162.31155778894475,15.625000000000009,5200.0,2.6139336E7
5300.0,645.528849541,0.004346421302043871,5300.0,70.43396226415094,45.50882661084597,-159.86733001658382,15.843179377013946,5300.0,2.6140264E7
5400.0,658.31014414,0.0044328622771955,5400.0,70.7037037037037,45.87826372543653,-159.7701149425288,16.02972399150743,5400.0,2.6142504E7
5500.0,671.149631386,0.004519706991469982,5500.0,71.18181818181817,46.60462369964573,-157.72357723577238,16.49104320337197,5500.0,2.6145568E7
5600.0,683.994314938,0.004606594376030681,5600.0,71.69642857142857,47.36280288923416,-156.8881685575364,16.57894736842106,5600.0,2.6147832E7
5700.0,696.822633937,0.004693374673921227,5700.0,72.05263157894737,47.83231883248636,-154.06698564593304,17.16068642745709,5700.0,2.614892E7
5800.0,709.673249341,0.0047803090193710845,5800.0,72.44827586206897,48.39347950689281,-150.07824726134572,17.586384734399193,5800.0,2.6149888E7
5900.0,722.483870473,0.004866977788213483,5900.0,72.7457627118644,48.82677319017431,-148.531684698609,18.25114387391967,5900.0,2.6151392E7
6000.0,735.310520539,0.00495376580321261,6000.0,73.06666666666666,49.235915715285124,-145.96651445966504,18.67136386512332,6000.0,2.6154648E7
6100.0,748.093997025,0.005040267675232942,6100.0,73.26229508196721,49.46971413015544,-143.070044709389,19.536260483473107,6100.0,2.6156456E7
6200.0,760.934736026,0.005127162871721426,6200.0,73.5,49.739039305446866,-138.46153846153857,20.435835351089572,6200.0,2.6158216E7
6300.0,773.759913876,0.005213956532694302,6300.0,73.85714285714286,50.28872124429543,-135.62231759656663,21.459227467811147,6300.0,2.6159352E7
6400.0,786.627166522,0.005301037488947235,6400.0,74.21875,50.83039363342997,-133.38048090523338,22.13308164228409,6400.0,2.616012E7
6500.0,799.463109563,0.005387911547294238,6500.0,74.58461538461538,51.41077533252939,-131.37254901960793,23.34106728538283,6500.0,2.6161624E7
6600.0,812.320980901,0.005474944900817732,6600.0,74.72727272727273,51.56743287332777,-131.02493074792244,23.83561643835617,6600.0,2.6164896E7
6700.0,825.195574742,0.00556209544371227,6700.0,75.07462686567165,52.115998682922495,-128.454172366621,24.876293297345946,6700.0,2.6166096E7
6800.0,838.132173421,0.005649672750468762,6800.0,75.33823529411765,52.511126795074915,-126.9282814614344,25.23406152474365,6800.0,2.61682E7
6900.0,851.058307759,0.0057371826942007615,6900.0,75.68115942028986,52.976181047916924,-126.45074224021596,25.25612472160358,6900.0,2.616924E7
7000.0,863.914185283,0.005824222160904403,7000.0,75.85714285714286,53.211298802929086,-125.63417890520698,25.84466871434841,7000.0,2.6170792E7
7100.0,876.838474545,0.005911727584428381,7100.0,76.1830985915493,53.674858089438324,-124.86702127659575,26.221640488656174,7100.0,2.6171624E7
7200.0,889.738486886,0.00599907109440821,7200.0,76.48611111111111,54.109430200374064,-124.83399734395746,26.550976138828624,7200.0,2.617236E7
7300.0,902.6324648,0.006086383593371146,7300.0,76.6986301369863,54.43900235383629,-124.70277410832227,27.214377406931966,7300.0,2.6175312E7
7400.0,915.616054497,0.006174304141030751,7400.0,77.01351351351352,54.84524180040473,-124.70277410832233,27.214377406931963,7400.0,2.617568E7
7500.0,928.595545968,0.00626219895155027,7500.0,77.29333333333334,55.1980315405858,-124.37417654808966,27.191107310816587,7500.0,2.617628E7
7600.0,941.592863121,0.006350216464971501,7600.0,77.59210526315789,55.57079994941523,-124.37417654808954,27.19110731081659,7600.0,2.6176872E7
7700.0,954.589110553,0.00643823017709815,7700.0,77.83116883116882,55.842394043112456,-124.90118577075111,27.02009405728944,7700.0,2.6177896E7
7800.0,967.560846952,0.0065260790221644115,7800.0,78.11538461538461,56.185802786423146,-124.90118577075091,27.020094057289445,7800.0,2.6178232E7
7900.0,980.572338185,0.006614199011914506,7900.0,78.39240506329114,56.51541612708502,-124.90118577075096,27.02009405728943,7900.0,2.61788E7
8000.0,993.578794971,0.006702288405372627,8000.0,78.60000000000001,56.72832522252719,-125.5599472990776,26.80632749038053,8000.0,2.617984E7
8100.0,1006.593288506,0.006790434707677006,8100.0,78.8641975308642,57.03369121032987,-125.55994729907765,26.80632749038053,8100.0,2.6180576E7
8200.0,1019.617435046,0.006878648302938814,8200.0,79.1219512195122,57.327484141128394,-125.55994729907776,26.80632749038053,8200.0,2.6181144E7
8300.0,1032.689796426,0.006967190517353937,8300.0,79.37349397590361,57.61034969015307,-125.5599472990776,26.80632749038053,8300.0,2.6181752E7
8400.0,1045.798298979,0.0070560117076183615,8400.0,79.5952380952381,57.84287493462361,-125.82345191040855,26.72082086361695,8400.0,2.6191832E7
8500.0,1058.986982372,0.007145378647464035,8500.0,79.78823529411765,58.02664829263051,-126.35046113306973,26.549807610089776,8500.0,2.6192552E7
8600.0,1072.250211983,0.007235252334393173,8600.0,80.02325581395348,58.28109811396386,-126.35046113306987,26.549807610089786,8600.0,2.6193024E7
8700.0,1085.521086714,0.00732517950122727,8700.0,80.25287356321839,58.52673658364929,-126.35046113306994,26.549807610089776,8700.0,2.6193512E7
8800.0,1099.008775388,0.007416578986499453,8800.0,80.45454545454545,58.759729377071935,-125.42595019659247,26.65245202558636,8800.0,2.6194408E7
8900.0,1112.468574811,0.007507793073410896,8900.0,80.67415730337079,59.02467593545556,-124.83660130718954,26.839642705231796,8900.0,2.619544E7
9000.0,1125.884148503,0.007598712450005138,9000.0,80.86666666666666,59.20963442220465,-125.09803921568638,26.75457252233092,9000.0,2.619688E7
9100.0,1139.19288844,0.007688913940323966,9100.0,81.03296703296704,59.35003746765738,-125.62091503267969,26.584432156529125,9100.0,2.6198664E7
9200.0,1152.426820875,0.007778610851959247,9200.0,81.16304347826086,59.42830131217009,-126.53594771241823,26.286686516375983,9200.0,2.6199376E7
9300.0,1165.512374591,0.007867309557326858,9300.0,81.16129032258065,59.392119953847356,-125.19280205655532,26.44836272040303,9300.0,2.6201584E7
9324.0,1169.325479157,0.007893156272086112,9324.0,81.1990561990562,59.443455569404435,-124.1687979539642,26.560536237955578,9324.0,2.6201672E7
