learning evaluation instances,evaluation time (cpu seconds),model cost (RAM-Hours),classified instances,classifications correct (percent),Kappa Statistic (percent),Kappa Temporal Statistic (percent),Kappa M Statistic (percent),model training instances,model serialized size (bytes)
100.0,6.878869655,3.211123159251609E-5,100.0,53.0,6.000000000000005,52.52525252525253,6.000000000000005,100.0,1.8044392E7
200.0,13.551268032,6.32903550179914E-5,200.0,50.0,0.0,49.74874371859296,0.0,200.0,1.8062768E7
300.0,20.031067499,9.358691284279289E-5,300.0,50.0,0.0,49.832775919732434,0.0,300.0,1.807316E7
400.0,26.77318613,1.2513094036386405E-4,400.0,53.75,7.499999999999996,53.63408521303258,7.499999999999996,400.0,1.8085192E7
500.0,33.361595217,1.5597948547370165E-4,500.0,58.599999999999994,17.199999999999992,58.51703406813626,17.199999999999992,500.0,1.809908E7
600.0,40.071719095,1.8741276069571573E-4,600.0,63.33333333333333,26.66666666666666,63.27212020033388,26.66666666666666,600.0,1.8107624E7
700.0,46.75041661,2.1871074914519724E-4,700.0,65.71428571428571,31.428571428571427,65.66523605150213,31.428571428571427,700.0,1.8114528E7
800.0,53.548822225,2.5059466478662455E-4,800.0,67.25,34.5,67.2090112640801,34.5,800.0,1.8128712E7
900.0,60.429599494,2.828770290370215E-4,900.0,68.22222222222221,36.444444444444436,68.18687430478309,36.444444444444436,900.0,1.8135528E7
1000.0,67.328043538,3.152614969592401E-4,1000.0,69.39999999999999,38.79999999999999,69.36936936936937,38.79999999999999,1000.0,1.8146296E7
1100.0,74.330730551,3.4814522788710855E-4,1100.0,70.36363636363636,40.72727272727272,70.33666969972703,40.72727272727272,1100.0,1.815176E7
1200.0,81.283456291,3.8080403107423465E-4,1200.0,71.41666666666666,42.83333333333332,71.39282735613011,42.83333333333332,1200.0,1.8157144E7
1300.0,88.381623654,4.1415835221471256E-4,1300.0,72.6923076923077,45.38461538461538,72.67128560431101,45.38461538461538,1300.0,1.8163864E7
1400.0,95.407431932,4.4717949178832666E-4,1400.0,73.35714285714286,46.71428571428571,73.33809864188706,46.71428571428571,1400.0,1.8167624E7
1500.0,102.484020048,4.804471602152179E-4,1500.0,74.53333333333333,49.066666666666656,74.51634422948632,49.066666666666656,1500.0,1.817192E7
1600.0,109.593551795,5.138757469977765E-4,1600.0,75.4375,50.875,75.42213883677299,50.875,1600.0,1.8175208E7
1700.0,116.734751633,5.474602850284728E-4,1700.0,76.05882352941177,52.117647058823536,76.04473219540907,52.117647058823536,1700.0,1.8179024E7
1800.0,123.936757166,5.81337033099806E-4,1800.0,76.5,53.0,76.4869371873263,53.0,1800.0,1.8182376E7
1900.0,131.08101268,6.149489384614127E-4,1900.0,76.89473684210526,53.78947368421052,76.88256977356504,53.78947368421052,1900.0,1.8186056E7
2000.0,138.312653668,6.489786753126937E-4,2000.0,77.4,54.800000000000004,77.3886943471736,54.800000000000004,2000.0,1.818964E7
2100.0,145.50315063,6.828209330121728E-4,2100.0,77.85714285714286,55.714285714285715,77.84659361600762,55.714285714285715,2100.0,1.8192936E7
2200.0,152.737773759,7.168775644936356E-4,2200.0,78.27272727272727,56.54545454545455,78.26284674852205,56.54545454545455,2200.0,1.8196512E7
2300.0,159.995108239,7.510469212102471E-4,2300.0,78.82608695652173,57.65217391304347,78.8168769030013,57.65217391304347,2300.0,1.8199608E7
2400.0,167.216959393,7.850559094804944E-4,2400.0,79.04166666666667,58.08333333333333,79.03293038766152,58.08333333333333,2400.0,1.8203192E7
2500.0,174.517508637,8.19440608056256E-4,2500.0,79.4,58.80000000000001,79.39175670268108,58.80000000000001,2500.0,1.8205896E7
2600.0,181.796347981,8.537278159722816E-4,2600.0,79.76923076923077,59.53846153846154,79.76144671027319,59.53846153846154,2600.0,1.8208424E7
2700.0,189.14811121,8.883635248072456E-4,2700.0,80.2962962962963,60.592592592592595,80.28899592441645,60.592592592592595,2700.0,1.8211048E7
2800.0,196.450452256,9.22772002213703E-4,2800.0,80.71428571428572,61.42857142857143,80.70739549839229,61.42857142857143,2800.0,1.8214016E7
2900.0,203.805891926,9.574366161349462E-4,2900.0,80.86206896551724,61.724137931034484,80.8554674025526,61.724137931034484,2900.0,1.8217136E7
3000.0,211.20490369,9.923110780485458E-4,3000.0,81.06666666666666,62.133333333333326,81.06035345115038,62.133333333333326,3000.0,1.8219488E7
3100.0,218.590219702,0.0010271430117205237,3100.0,80.80645161290323,61.61290322580646,80.59993478969677,61.21251629726206,3100.0,1.8231016E7
3200.0,226.080609217,0.0010624830838785676,3200.0,80.875,61.74999999999999,80.46600702202362,60.94447989789407,3200.0,1.8237504E7
3300.0,233.539080556,0.0010976781213104672,3300.0,81.0,62.000000000000014,80.40625,60.812500000000014,3300.0,1.8240384E7
3400.0,241.002234587,0.0011329005842274503,3400.0,81.0,62.000000000000014,80.22650749923478,60.465116279069775,3400.0,1.8243144E7
3500.0,248.463027255,0.001168117970931134,3500.0,81.22857142857143,62.457142857142856,80.28802880288029,60.587882423515296,3500.0,1.8246288E7
3600.0,255.913515623,0.0012032913284139666,3600.0,81.5,62.999999999999986,80.41176470588235,60.823529411764696,3600.0,1.824868E7
3700.0,263.443571483,0.0012388476443709398,3700.0,81.5945945945946,63.189189189189186,80.35765791750794,60.726643598615915,3700.0,1.825244E7
3800.0,270.916865568,0.0012741429731894308,3800.0,81.65789473684211,63.31578947368421,80.27172374752335,60.554612337294856,3800.0,1.825608E7
3900.0,278.468126171,0.001309813153359395,3900.0,81.7948717948718,63.589743589743584,80.27777777777779,60.55555555555555,3900.0,1.8259472E7
4000.0,285.994024356,0.001345367608918075,4000.0,82.05,64.1,80.41996182165258,60.85059978189749,4000.0,1.8261568E7
4100.0,293.542846857,0.001381034021182614,4100.0,82.26829268292683,64.53658536585365,80.52504687918564,61.06052490626672,4100.0,1.826344E7
4200.0,301.095640863,0.0014167237778474988,4200.0,82.5,64.99999999999999,80.6578947368421,61.3157894736842,4200.0,1.8265784E7
4300.0,308.62872372,0.0014523237751539236,4300.0,82.72093023255815,65.44186046511629,80.78613912593741,61.58221302998966,4300.0,1.826752E7
4400.0,316.237395921,0.0014882844899541657,4400.0,82.95454545454545,65.90909090909092,80.93058733791,61.870869344178956,4400.0,1.8269296E7
4500.0,323.800178258,0.0015240321981011386,4500.0,83.17777777777778,66.35555555555554,81.075,62.149999999999984,4500.0,1.827128E7
4600.0,331.416871524,0.0015600450729509675,4600.0,83.15217391304348,66.30434782608697,80.93480934809348,62.19512195121951,4600.0,1.8276528E7
4700.0,339.001415866,0.0015959123943117205,4700.0,83.27659574468085,66.5501569268665,80.97773475314617,62.553596950929006,4700.0,1.8279816E7
4800.0,346.61756803,0.0016319354940820881,4800.0,83.27083333333334,66.53872718679801,80.87184373511195,62.633783154955815,4800.0,1.8283016E7
4900.0,354.266269054,0.0016681174833008082,4900.0,83.40816326530613,66.81632653061224,80.93786635404456,63.04545454545455,4900.0,1.8285512E7
5000.0,361.865619588,0.0017040704564587176,5000.0,83.56,67.1173009880651,81.02493074792243,63.450422409959984,5000.0,1.8287768E7
5100.0,369.554476279,0.0017404525375760067,5100.0,83.72549019607844,67.44840229560666,81.12778535698047,63.89734667246629,5100.0,1.8290608E7
5200.0,377.194844439,0.001776609292246675,5200.0,83.8076923076923,67.61538461538461,81.14221724524074,64.17021276595743,5200.0,1.8292688E7
5300.0,384.876466203,0.001812968188244554,5300.0,83.94339622641509,67.88439607312813,81.22241835834069,64.5268862025844,5300.0,1.8296168E7
5400.0,392.565238724,0.001849365688338029,5400.0,84.05555555555554,68.10881879575432,81.27446715963463,64.84279297672518,5400.0,1.829856E7
5500.0,400.199255526,0.0018855073957119773,5500.0,84.18181818181819,68.36363636363636,81.35048231511254,65.2,5500.0,1.8300288E7
5600.0,407.943715195,0.0019221756108363907,5600.0,84.375,68.74791121243308,81.50887573964496,65.67281286779128,5600.0,1.8302104E7
5700.0,415.657146688,0.001958700682212606,5700.0,84.45614035087719,68.91025589724465,81.53397248853689,65.90996537129666,5700.0,1.8303992E7
5800.0,423.43655034,0.001995543993047028,5800.0,84.53448275862068,69.06896551724138,81.56217882836587,66.15094339622641,5800.0,1.8306896E7
5900.0,431.170195554,0.0020321758094191777,5900.0,84.59322033898306,69.18452146057244,81.56934306569343,66.32085957762135,5900.0,1.8309504E7
5995.0,438.546288845,0.0020671200612920573,5995.0,84.65387823185988,69.30682302968825,81.58158158158157,66.50891882053148,5995.0,1.8312672E7
