learning evaluation instances,evaluation time (cpu seconds),model cost (RAM-Hours),classified instances,classifications correct (percent),Kappa Statistic (percent),Kappa Temporal Statistic (percent),Kappa M Statistic (percent),model training instances,model serialized size (bytes)
100.0,9.649570626,4.58328213553759E-5,100.0,53.0,6.000000000000005,52.52525252525253,6.000000000000005,100.0,1.8359928E7
200.0,19.680361587,9.35230653098969E-5,200.0,61.0,21.999999999999996,60.80402010050251,21.999999999999996,200.0,1.8377936E7
300.0,29.447780696,1.3998852895997878E-4,300.0,67.33333333333333,34.66666666666667,67.22408026755853,34.66666666666667,300.0,1.8388776E7
400.0,39.619824315,1.88413098828E-4,400.0,69.5,38.99999999999999,69.42355889724311,38.99999999999999,400.0,1.8401784E7
500.0,49.806418271,2.3694353512765807E-4,500.0,70.8,41.599999999999994,70.74148296593185,41.599999999999994,500.0,1.8415672E7
600.0,60.081505774,2.85918236634461E-4,600.0,72.5,44.99999999999999,72.45409015025042,44.99999999999999,600.0,1.84242E7
700.0,70.287647361,3.3458254639892875E-4,700.0,74.0,48.0,73.96280400572246,48.0,700.0,1.8431104E7
800.0,80.554013529,3.83571814384522E-4,800.0,74.75,49.500000000000014,74.71839799749688,49.500000000000014,800.0,1.8445336E7
900.0,90.994281292,4.3340936234114125E-4,900.0,75.1111111111111,50.222222222222214,75.08342602892102,50.222222222222214,900.0,1.8452168E7
1000.0,101.357344379,4.82906977805687E-4,1000.0,75.5,51.0,75.47547547547548,51.0,1000.0,1.846284E7
1100.0,112.047859642,5.339842176741278E-4,1100.0,75.0,50.0,74.97725204731574,50.0,1100.0,1.846848E7
1200.0,122.747117323,5.851179966901874E-4,1200.0,74.83333333333333,49.66666666666666,74.81234361968306,49.66666666666666,1200.0,1.8473816E7
1300.0,133.574168247,6.368813911257524E-4,1300.0,74.46153846153845,48.92307692307691,74.44187836797536,48.92307692307691,1300.0,1.8480552E7
1400.0,144.311289525,6.882255488521615E-4,1400.0,74.35714285714286,48.71428571428571,74.33881343817012,48.71428571428571,1400.0,1.8484408E7
1500.0,155.07426163,7.397050178446278E-4,1500.0,74.8,49.6,74.78318879252835,49.6,1500.0,1.8488608E7
1600.0,166.029159402,7.921119247517508E-4,1600.0,75.3125,50.62500000000001,75.29706066291433,50.62500000000001,1600.0,1.8491848E7
1700.0,176.845261379,8.438649450157797E-4,1700.0,75.76470588235294,51.52941176470589,75.7504414361389,51.52941176470589,1700.0,1.8495552E7
1800.0,187.814908304,8.963622523739268E-4,1800.0,76.27777777777777,52.55555555555556,76.26459143968872,52.55555555555556,1800.0,1.8498936E7
1900.0,198.685018701,9.483936025084534E-4,1900.0,76.6842105263158,53.368421052631575,76.6719325961032,53.368421052631575,1900.0,1.8502632E7
2000.0,209.720079437,0.0010012247884162273,2000.0,77.05,54.099999999999994,77.03851925962981,54.099999999999994,2000.0,1.8506232E7
2100.0,220.730014629,0.0010539447983762367,2100.0,77.47619047619048,54.95238095238095,77.46545974273464,54.95238095238095,2100.0,1.8509432E7
2200.0,231.850555275,0.001107204765652125,2200.0,78.0,56.00000000000001,77.9899954524784,56.00000000000001,2200.0,1.8513024E7
2300.0,243.047031124,0.0011608375649220773,2300.0,78.43478260869566,56.869565217391305,78.42540234884733,56.869565217391305,2300.0,1.8516184E7
2400.0,254.137569637,0.0012139729618898083,2400.0,78.75,57.49999999999999,78.7411421425594,57.49999999999999,2400.0,1.8519688E7
2500.0,265.336780451,0.0012676368017863733,2500.0,79.2,58.400000000000006,79.19167667066827,58.400000000000006,2500.0,1.8522376E7
2600.0,276.501239262,0.0013211413739986524,2600.0,79.65384615384615,59.30769230769231,79.64601769911505,59.30769230769231,2600.0,1.8524888E7
2700.0,287.6753062,0.0013746995775152317,2700.0,80.11111111111111,60.22222222222222,80.1037421267136,60.22222222222222,2700.0,1.8527512E7
2800.0,298.956858738,0.001428781583723395,2800.0,80.53571428571429,61.07142857142858,80.52876027152554,61.07142857142858,2800.0,1.8530464E7
2900.0,310.098863798,0.0014822035681593478,2900.0,80.89655172413794,61.793103448275865,80.88996205588134,61.793103448275865,2900.0,1.8533568E7
3000.0,321.440390919,0.0015365889975275516,3000.0,81.23333333333333,62.46666666666667,81.2270756918973,62.46666666666667,3000.0,1.8535888E7
3100.0,332.666389108,0.0015904540093241582,3100.0,81.19354838709677,62.38709677419354,80.99119660906423,61.994784876140805,3100.0,1.8547448E7
3200.0,343.973572887,0.0016447275942569571,3200.0,81.3125,62.625,80.91286307053942,61.8379068283344,3200.0,1.8553952E7
3300.0,355.414778942,0.001699652905127751,3300.0,81.39393939393939,62.787878787878796,80.8125,61.62500000000001,3300.0,1.85568E7
3400.0,366.754159425,0.0017540976705301221,3400.0,81.61764705882352,63.23529411764706,80.86929905111722,61.75030599755201,3400.0,1.8559624E7
3500.0,378.259914475,0.0018093506706710518,3500.0,81.91428571428571,63.828571428571436,81.008100810081,62.02759448110379,3500.0,1.8562784E7
3600.0,389.67504793,0.0018641752676153043,3600.0,82.13888888888889,64.27777777777777,81.08823529411764,62.176470588235276,3600.0,1.856508E7
3700.0,401.065060646,0.0019188903410658693,3700.0,82.16216216216216,64.32432432432434,80.96336890683588,61.93771626297578,3700.0,1.8568856E7
3800.0,412.558614707,0.001974113579546157,3800.0,82.1842105263158,64.36842105263159,80.837814888197,61.68647425014149,3800.0,1.857248E7
3900.0,424.003999179,0.002029115278281691,3900.0,82.33333333333334,64.66666666666667,80.8611111111111,61.722222222222236,3900.0,1.8575824E7
4000.0,435.532462257,0.002084522659848469,4000.0,82.5,64.99999999999999,80.91082628851922,61.83206106870228,4000.0,1.8577984E7
4100.0,447.042903088,0.0021398489507348647,4100.0,82.73170731707317,65.46341463414633,81.03402089472273,62.07820032137117,4100.0,1.857984E7
4200.0,458.517546763,0.002195009756563345,4200.0,83.02380952380952,66.04761904761904,81.23684210526315,62.4736842105263,4200.0,1.8582056E7
4300.0,470.173244577,0.0022510464483493473,4300.0,83.25581395348837,66.51162790697673,81.38091543832428,62.771458117890376,4300.0,1.8583888E7
4400.0,481.661380541,0.0023062829797822065,4400.0,83.4090909090909,66.81818181818183,81.43910500889908,62.88764616166752,4400.0,1.8585712E7
4500.0,493.201581545,0.002361775579139432,4500.0,83.53333333333333,67.06666666666668,81.47500000000002,62.95,4500.0,1.8587632E7
4600.0,504.861171587,0.002417858058160494,4600.0,83.54347826086956,67.08695652173913,81.37761377613776,63.07317073170731,4600.0,1.8592864E7
4700.0,516.401526251,0.0024733770239272466,4700.0,83.72340425531914,67.44430898814142,81.48596321393997,63.55407336827059,4700.0,1.8596216E7
4800.0,528.020857775,0.0025292854105561343,4800.0,83.83333333333334,67.66428078460652,81.51500714626013,63.890181479758034,4800.0,1.8599368E7
4900.0,539.701134727,0.0025854944919195266,4900.0,83.95918367346938,67.91836734693877,81.57092614302461,64.27272727272727,4900.0,1.8601832E7
5000.0,551.284206956,0.0026412423627260404,5000.0,84.14,68.27782766563855,81.69436749769159,64.73988439306359,5000.0,1.8604024E7
5100.0,563.035655127,0.002697809385610915,5100.0,84.35294117647058,68.7038272255633,81.85538881309687,65.2892561983471,5100.0,1.8606912E7
5200.0,574.735048621,0.0027541321324006957,5200.0,84.51923076923077,69.03846153846153,81.97088465845464,65.74468085106383,5200.0,1.8608992E7
5300.0,586.396779504,0.002810284064177923,5300.0,84.71698113207547,69.43208618428558,82.12709620476612,66.23593163818259,5300.0,1.8612472E7
5400.0,598.207724959,0.0028671618306890597,5400.0,84.87037037037038,69.73895579574652,82.23140495867769,66.63944467129441,5400.0,1.861488E7
5500.0,609.937809675,0.002923655392735914,5500.0,84.96363636363637,69.92727272727272,82.27224008574491,66.92,5500.0,1.8616592E7
5600.0,621.677317028,0.0029801998992053636,5600.0,85.10714285714286,70.21267856671349,82.3753169907016,67.28128677912908,5600.0,1.8618424E7
5700.0,633.555713602,0.0030374192303379106,5700.0,85.29824561403508,70.59495988526086,82.53438932888703,67.75682954982685,5700.0,1.8620328E7
5800.0,645.321215323,0.0030941035268898355,5800.0,85.39655172413792,70.79310344827586,82.58992805755395,68.03773584905659,5800.0,1.8623216E7
5900.0,657.189981722,0.0031512934420755813,5900.0,85.50847457627118,71.0155236591929,82.66423357664233,68.32160059281215,5900.0,1.8625856E7
5995.0,668.347059744,0.0032050631225439504,5995.0,85.55462885738116,71.10855914368163,82.66266266266267,68.47469967236987,5995.0,1.8628992E7
