learning evaluation instances,evaluation time (cpu seconds),model cost (RAM-Hours),classified instances,classifications correct (percent),Kappa Statistic (percent),Kappa Temporal Statistic (percent),Kappa M Statistic (percent),model training instances,model serialized size (bytes)
100.0,7.917395257,3.7266831364641014E-5,100.0,53.0,6.000000000000005,52.52525252525253,6.000000000000005,100.0,1.81946E7
200.0,15.717268209,7.401731181814736E-5,200.0,61.5,23.0,61.30653266331658,23.0,200.0,1.8212848E7
300.0,23.348613826,1.0999419900681276E-4,300.0,67.66666666666666,35.33333333333333,67.55852842809364,35.33333333333333,300.0,1.8223208E7
400.0,31.072950942,1.4643352475812726E-4,400.0,68.75,37.5,68.67167919799499,37.5,400.0,1.823524E7
500.0,38.819809266,1.83006958877932E-4,500.0,69.19999999999999,38.39999999999999,69.13827655310621,38.39999999999999,500.0,1.8249144E7
600.0,46.622809358,2.198626570001884E-4,600.0,67.66666666666666,35.33333333333333,67.6126878130217,35.33333333333333,600.0,1.8257672E7
700.0,54.555107586,2.573432659630638E-4,700.0,68.28571428571428,36.57142857142857,68.24034334763948,36.57142857142857,700.0,1.8264592E7
800.0,62.526435961,2.9503784186460933E-4,800.0,68.875,37.74999999999999,68.83604505632039,37.74999999999999,800.0,1.827892E7
900.0,70.606408277,3.332603839432905E-4,900.0,69.22222222222221,38.444444444444436,69.18798665183536,38.444444444444436,900.0,1.828572E7
1000.0,78.650881144,3.713370379811047E-4,1000.0,70.19999999999999,40.39999999999999,70.17017017017017,40.39999999999999,1000.0,1.8296312E7
1100.0,86.898570951,4.10387674712575E-4,1100.0,71.0,41.99999999999999,70.97361237488626,41.99999999999999,1100.0,1.8301984E7
1200.0,95.13902547,4.494154637179771E-4,1200.0,71.66666666666667,43.333333333333336,71.64303586321935,43.333333333333336,1200.0,1.8307336E7
1300.0,103.369459453,4.884099663359521E-4,1300.0,72.61538461538461,45.230769230769226,72.59430331023864,45.230769230769226,1300.0,1.8313992E7
1400.0,111.685477545,5.278180077021418E-4,1400.0,73.35714285714286,46.71428571428571,73.33809864188706,46.71428571428571,1400.0,1.8317736E7
1500.0,119.925919623,5.668771009485685E-4,1500.0,74.53333333333333,49.066666666666656,74.51634422948632,49.066666666666656,1500.0,1.8322048E7
1600.0,128.286853657,6.065142907072792E-4,1600.0,75.375,50.75000000000001,75.35959974984365,50.75000000000001,1600.0,1.8325272E7
1700.0,136.605776278,6.459604924215362E-4,1700.0,76.0,52.0,75.98587404355503,52.0,1700.0,1.8329072E7
1800.0,144.934212767,6.854591320090485E-4,1800.0,76.5,53.0,76.4869371873263,53.0,1800.0,1.8332472E7
1900.0,153.339305157,7.253292539066934E-4,1900.0,76.84210526315789,53.68421052631578,76.82991047919957,53.68421052631578,1900.0,1.833612E7
2000.0,161.712992436,7.650580635070883E-4,2000.0,77.14999999999999,54.29999999999999,77.13856928464232,54.29999999999999,2000.0,1.8339656E7
2100.0,170.237714854,8.055106901783006E-4,2100.0,77.47619047619048,54.95238095238095,77.46545974273464,54.95238095238095,2100.0,1.8342936E7
2200.0,178.774339597,8.460276946662711E-4,2200.0,77.68181818181819,55.363636363636374,77.67166894042748,55.363636363636374,2200.0,1.8346512E7
2300.0,187.365038362,8.868081933467884E-4,2300.0,78.04347826086956,56.08695652173914,78.03392779469334,56.08695652173914,2300.0,1.8349592E7
2400.0,196.02744326,9.279370088816289E-4,2400.0,78.25,56.49999999999999,78.24093372238433,56.49999999999999,2400.0,1.8353128E7
2500.0,204.627674352,9.687766057096171E-4,2500.0,78.64,57.28,78.63145258103242,57.28,2500.0,1.8355816E7
2600.0,213.322833635,0.0010100728870407838,2600.0,79.11538461538463,58.23076923076924,79.10734898037707,58.23076923076924,2600.0,1.835844E7
2700.0,221.923525755,0.0010509264923628868,2700.0,79.66666666666666,59.33333333333333,79.65913301222675,59.33333333333333,2700.0,1.8361128E7
2800.0,230.538366171,0.0010918535250474294,2800.0,80.10714285714286,60.21428571428571,80.10003572704537,60.21428571428571,2800.0,1.836392E7
2900.0,239.23724725,0.0011331871600156844,2900.0,80.41379310344827,60.82758620689654,80.40703690927906,60.82758620689654,2900.0,1.8367184E7
3000.0,247.875715195,0.001174238920401312,3000.0,80.80000000000001,61.60000000000001,80.79359786595532,61.60000000000001,3000.0,1.8369504E7
3100.0,256.654102503,0.001215981894926043,3100.0,80.83870967741935,61.677419354838705,80.63253994131072,61.27770534550196,3100.0,1.838108E7
3200.0,265.623653901,0.0012586489847253178,3200.0,81.0,62.000000000000014,80.59368017874242,61.19974473516274,3200.0,1.8387584E7
3300.0,274.635855216,0.0013015254832062027,3300.0,81.18181818181817,62.36363636363635,80.59375,61.18749999999999,3300.0,1.8390384E7
3400.0,283.840861807,0.0013453258075291448,3400.0,81.35294117647058,62.70588235294117,80.59381695745331,61.199510403916754,3400.0,1.8393128E7
3500.0,292.860307335,0.0013882505098058977,3500.0,81.68571428571428,63.37142857142857,80.76807680768077,61.547690461907614,3500.0,1.8396272E7
3600.0,301.793832619,0.0014307717607996901,3600.0,82.0,63.99999999999999,80.94117647058823,61.88235294117646,3600.0,1.8398632E7
3700.0,310.739215942,0.001473358117246141,3700.0,82.02702702702702,64.05405405405405,80.81915200461493,61.64936562860437,3700.0,1.8402376E7
3800.0,319.761941886,0.0015163211010559793,3800.0,82.13157894736842,64.26315789473685,80.78120577412963,61.573288058856825,3800.0,1.8405984E7
3900.0,328.762617838,0.0015591871379463092,3900.0,82.25641025641026,64.51282051282053,80.77777777777779,61.55555555555557,3900.0,1.840944E7
4000.0,337.759041912,0.0016020377288326884,4000.0,82.525,65.05000000000001,80.93809653667849,61.88658669574701,4000.0,1.8411504E7
4100.0,346.825328101,0.0016452255435567048,4100.0,82.70731707317073,65.41463414634146,81.00723278864183,62.024638457418305,4100.0,1.8413408E7
4200.0,355.966513663,0.0016887754622147942,4200.0,83.02380952380952,66.04761904761904,81.23684210526315,62.4736842105263,4200.0,1.8415656E7
4300.0,365.028585786,0.0017319527679822329,4300.0,83.23255813953489,66.46511627906978,81.35505559865528,62.71975180972079,4300.0,1.8417488E7
4400.0,374.160421638,0.0017754667046641197,4400.0,83.4090909090909,66.81818181818183,81.43910500889908,62.88764616166752,4400.0,1.841928E7
4500.0,383.333632389,0.0018191822765306915,4500.0,83.6,67.19999999999999,81.55000000000001,63.09999999999999,4500.0,1.8421168E7
4600.0,392.460942128,0.001862691760196736,4600.0,83.65217391304348,67.30434782608697,81.50061500615008,63.31707317073171,4600.0,1.8426528E7
4700.0,401.60218789,0.0019062754897247228,4700.0,83.72340425531914,67.44415570304506,81.48596321393997,63.55407336827059,4700.0,1.8429832E7
4800.0,410.76259974,0.001949958031241299,4800.0,83.72916666666667,67.45576821506417,81.39590281086232,63.65751512331317,4800.0,1.8432968E7
4900.0,419.961156033,0.0019938283707773745,4900.0,83.81632653061224,67.63265306122447,81.40679953106682,63.95454545454544,4900.0,1.8435448E7
5000.0,429.096312808,0.0020374015594048027,5000.0,83.98,67.95765193673392,81.5096952908587,64.38417074255224,5000.0,1.8437656E7
5100.0,438.276491489,0.0020811963158526947,5100.0,84.13725490196079,68.27228483842927,81.60527512505686,64.81078729882559,5100.0,1.8440528E7
5200.0,447.576209755,0.002125566349343859,5200.0,84.28846153846153,68.57692307692307,81.70212765957446,65.23404255319147,5200.0,1.8442608E7
5300.0,456.79244795,0.0021695463106277545,5300.0,84.45283018867924,68.90361902005955,81.81818181818181,65.65235514797831,5300.0,1.8446056E7
5400.0,466.065806865,0.0022138046292887567,5400.0,84.57407407407408,69.14619280398841,81.88342757720748,65.98611678236016,5400.0,1.8448464E7
5500.0,475.339896643,0.00225807050515541,5500.0,84.67272727272727,69.34545454545456,81.92926045016078,66.28000000000002,5500.0,1.845016E7
5600.0,484.632564795,0.0023024294225941115,5600.0,84.83928571428572,69.67680773269466,82.05832628909552,66.69282071400549,5600.0,1.8451976E7
5700.0,493.855646365,0.002346460746896966,5700.0,85.0,69.9983156949162,82.18007503126302,67.10273181993074,5700.0,1.8453896E7
5800.0,503.097261796,0.002390587495440737,5800.0,85.10344827586206,70.20689655172414,82.24049331963002,67.39622641509435,5800.0,1.84568E7
5900.0,512.419079415,0.0024351035203137575,5900.0,85.22033898305085,70.43911202880152,82.31954582319545,67.69173768062244,5900.0,1.8459424E7
5995.0,521.231669133,0.0024771949670424173,5995.0,85.20433694745621,70.40790074627942,82.24224224224224,67.71022934109939,5995.0,1.8462592E7
