learning evaluation instances,evaluation time (cpu seconds),model cost (RAM-Hours),classified instances,classifications correct (percent),Kappa Statistic (percent),Kappa Temporal Statistic (percent),Kappa M Statistic (percent),model training instances,model serialized size (bytes)
100.0,8.252047867,5.175399341173026E-5,100.0,100.0,?,?,?,100.0,2.4242896E7
200.0,18.173689248,1.181292247401821E-4,200.0,98.5,65.9863945578232,25.0,50.0,200.0,2.5859784E7
300.0,29.102528601,1.9128166191125575E-4,300.0,99.0,66.21621621621627,24.99999999999979,50.0,300.0,2.5873616E7
400.0,40.168620281,2.653724051792005E-4,400.0,99.25,66.32996632996662,25.000000000000554,50.00000000000037,400.0,2.5880464E7
500.0,51.283156417,3.398022660874389E-4,500.0,99.0,54.145267791636165,16.666666666666664,37.5,500.0,2.58856E7
600.0,62.409701205,4.143309664622549E-4,600.0,98.66666666666667,42.3076923076929,0.0,20.0000000000004,600.0,2.5892E7
700.0,73.585863521,4.892343703655807E-4,700.0,97.42857142857143,34.83657426561882,-50.0,18.181818181818375,700.0,2.5906648E7
800.0,84.978149425,5.657203112239638E-4,800.0,85.375,7.775982343435945,-800.0000000000007,4.098360655737691,800.0,2.595204E7
900.0,96.414974858,6.425566701426676E-4,900.0,78.22222222222223,4.3311314308028095,-600.0000000000003,2.4875621890547666,900.0,2.5969504E7
1000.0,107.901250951,7.19753686264261E-4,1000.0,74.8,3.2265497192801975,-293.75000000000034,1.9455252918287955,1000.0,2.5979072E7
1100.0,119.43908029,7.973264331519387E-4,1100.0,70.9090909090909,2.39844724802441,-233.33333333333331,1.5384615384615299,1100.0,2.5988872E7
1200.0,130.962239419,8.748221777284748E-4,1200.0,70.5,2.1590422273097563,-202.5641025641025,1.3927576601671259,1200.0,2.5996128E7
1300.0,142.606674881,9.531478710871136E-4,1300.0,68.15384615384616,1.7764913292476932,-231.20000000000002,1.1933174224343635,1300.0,2.6000888E7
1400.0,154.248791799,0.0010314875088488823,1400.0,66.21428571428571,1.5034775727791119,-226.20689655172424,1.0460251046025069,1400.0,2.6010696E7
1500.0,165.977430497,0.0011104251040311964,1500.0,64.66666666666666,1.304763441794628,-196.08938547486048,0.9345794392523268,1500.0,2.6015888E7
1600.0,177.681730139,0.0011892122121702116,1600.0,63.1875,1.1417374045929722,-164.1255605381166,0.8417508417508238,1600.0,2.6020288E7
1700.0,189.435018118,0.0012683395676223908,1700.0,61.882352941176464,1.0816722728766588,-169.99999999999994,0.7656967840735042,1700.0,2.6023736E7
1800.0,201.185512472,0.0013474818943265262,1800.0,61.5,1.3445112306231815,-144.01408450704224,0.9999999999999851,1800.0,2.6034848E7
1900.0,213.018583115,0.0014271907998042118,1900.0,60.526315789473685,2.8767563971843066,-148.34437086092717,2.343749999999996,1900.0,2.6038248E7
2000.0,224.823945863,0.001506723641008915,2000.0,60.650000000000006,3.1742125984252025,-135.62874251496999,2.5990099009901146,2000.0,2.6041712E7
2100.0,236.747213019,0.0015870680788559544,2100.0,59.42857142857143,3.9935094203551817,-129.64959568733155,3.401360544217701,2100.0,2.6047312E7
2200.0,248.670389704,0.0016674191372164206,2200.0,58.31818181818181,4.532505513018279,-130.4020100502513,3.979057591623024,2200.0,2.6049656E7
2300.0,260.600326732,0.0017478243461778761,2300.0,58.34782608695652,6.2769835429631,-135.38083538083535,5.615763546798033,2300.0,2.605244E7
2400.0,272.477522244,0.0018278903122020825,2400.0,58.416666666666664,7.261137026780882,-131.554524361949,6.554307116104846,2400.0,2.605772E7
2500.0,284.369291863,0.0019080627446450104,2500.0,58.879999999999995,8.85930145796749,-123.96514161220047,8.050089445438289,2500.0,2.6060392E7
2600.0,296.368212359,0.0019889695160655797,2600.0,58.11538461538461,11.202742760800007,-137.25490196078434,10.591133004926109,2600.0,2.606424E7
2700.0,308.415668776,0.0020702174702002213,2700.0,57.666666666666664,13.555977833400926,-149.01960784313718,13.277693474962055,2700.0,2.6068704E7
2800.0,320.492683837,0.002151675440324011,2800.0,57.82142857142857,16.531287893856312,-157.2984749455338,14.544138929088268,2800.0,2.607212E7
2900.0,332.549403121,0.0022330163553076774,2900.0,57.68965517241379,18.426530462531634,-167.32026143790856,11.215629522431247,2900.0,2.607848E7
3000.0,344.629181468,0.002314524613932167,3000.0,57.666666666666664,20.1413226106116,-176.68845315904136,8.104196816208391,3000.0,2.6082248E7
3100.0,356.739890831,0.002396251805742417,3100.0,58.12903225806452,22.370457944458938,-182.78867102396512,6.078147612156296,3100.0,2.6085512E7
3200.0,368.823639673,0.002477801510303978,3200.0,58.25,23.587279798673073,-188.55291576673872,3.7463976945244926,3200.0,2.6086936E7
3300.0,380.894575028,0.002559272459832256,3300.0,59.060606060606055,25.15918969206875,-185.6236786469345,4.926108374384242,3300.0,2.6089408E7
3400.0,393.004269988,0.0026410079938556943,3400.0,59.85294117647059,27.164170484492445,-186.16352201257868,4.344779257182892,3400.0,2.609036E7
3500.0,405.044524413,0.002722277797716761,3500.0,60.542857142857144,28.220534555423214,-184.15637860082293,6.18206521739131,3500.0,2.6091312E7
3600.0,417.102134261,0.0028036696140520266,3600.0,61.25000000000001,29.325936621323812,-182.9614604462475,7.92079207920792,3600.0,2.6092872E7
3700.0,429.161752846,0.0028850829267059617,3700.0,61.945945945945944,30.39803357343624,-183.29979879275663,9.801409352978864,3700.0,2.6095416E7
3800.0,441.284740446,0.002966928001608656,3800.0,62.55263157894737,31.642580475521086,-174.71042471042477,10.220820189274459,3800.0,2.609668E7
3900.0,453.340732471,0.003048323668323718,3900.0,63.05128205128205,32.31984716056234,-169.34579439252343,11.973121563836287,3900.0,2.6097608E7
4000.0,465.519600156,0.0031305540178547986,4000.0,63.65,33.78383701715768,-171.77570093457942,11.178985949908359,4000.0,2.6099224E7
4100.0,477.67193695,0.0032126139107218695,4100.0,64.3658536585366,35.22868972962593,-172.06703910614522,11.29326047358835,4100.0,2.6101984E7
4200.0,489.800235615,0.0032945133913332243,4200.0,64.88095238095238,36.18223263909493,-169.65265082266902,11.570743405275783,4200.0,2.6102592E7
4300.0,502.011574378,0.0033769786004451746,4300.0,65.3953488372093,37.254102058187826,-171.53284671532845,10.898203592814363,4300.0,2.6104168E7
4400.0,514.121784986,0.003458764007165177,4400.0,66.0,38.20614573976888,-168.10035842293902,12.412177985948485,4400.0,2.6105168E7
4500.0,526.274480868,0.003540840811952991,4500.0,66.55555555555556,39.11067875971892,-168.27094474153287,13.555427914991375,4500.0,2.6106592E7
4600.0,538.496216757,0.0036233876169709514,4600.0,67.1086956521739,40.125931859975985,-169.21708185053384,13.39439038351459,4600.0,2.6107768E7
4700.0,550.641718943,0.0037054223976183435,4700.0,67.80851063829788,41.20721688419662,-167.7876106194691,15.427613191727204,4700.0,2.610868E7
4800.0,562.891421791,0.0037882395503782648,4800.0,68.33333333333333,42.06254481695624,-163.43154246100514,16.253443526170813,4800.0,2.6133472E7
4900.0,575.175890756,0.003871297417644174,4900.0,68.75510204081633,42.77419626500157,-162.6072041166381,16.38448935008194,4900.0,2.6135256E7
5000.0,587.467317025,0.003954405479061775,5000.0,69.24,43.59256255100693,-160.23688663282576,16.36759108210985,5000.0,2.6136248E7
5100.0,599.773716547,0.004037620537704424,5100.0,69.68627450980392,44.321288325986345,-160.7082630691398,16.522678185745153,5100.0,2.6138056E7
5200.0,612.114135699,0.004121069670121095,5200.0,70.1923076923077,45.13112979224439,-159.6314907872698,16.48706896551722,5200.0,2.613932E7
5300.0,624.43868257,0.004204414428841016,5300.0,70.71698113207547,45.94659953012129,-157.37976782752904,16.64876476906552,5300.0,2.6140248E7
5400.0,636.759230325,0.004287739181170188,5400.0,70.98148148148148,46.308157596579065,-157.3070607553367,16.825902335456476,5400.0,2.6142456E7
5500.0,649.152736476,0.0043715672315125746,5500.0,71.45454545454545,47.02700978359292,-155.28455284552842,17.281348788198123,5500.0,2.6145536E7
5600.0,661.509422077,0.004455153469774566,5600.0,71.96428571428571,47.77732899332368,-154.45705024311175,17.368421052631582,5600.0,2.61478E7
5700.0,673.851132366,0.004538641881995505,5700.0,72.3859649122807,48.394065990574745,-151.03668261563007,18.148725949037942,5700.0,2.6148888E7
5800.0,686.239051565,0.004622445884953356,5800.0,72.8103448275862,49.022563699223205,-146.79186228481996,18.66941722537391,5800.0,2.6149824E7
5900.0,698.594173758,0.004706033130927878,5900.0,73.11864406779661,49.48404888150038,-145.13137557959814,19.3695983731571,5900.0,2.6151424E7
6000.0,710.983935389,0.004789865213828218,6000.0,73.43333333333332,49.884483840051644,-142.61796042617956,19.778560644187216,6000.0,2.6154696E7
6100.0,723.314732675,0.0048733036890803464,6100.0,73.67213114754098,50.21837833443009,-139.34426229508196,20.769610261470167,6100.0,2.6156376E7
6200.0,735.670446158,0.004956916594386211,6200.0,73.90322580645162,50.478524288063376,-134.83309143686512,21.646489104116206,6200.0,2.61582E7
6300.0,748.05518487,0.005040729506040412,6300.0,74.25396825396825,51.01858394786589,-132.0457796852648,22.651406771578433,6300.0,2.615932E7
6400.0,760.476527722,0.0051247925503097235,6400.0,74.625,51.58569247654443,-129.70297029702974,23.360075507314754,6400.0,2.6160072E7
6500.0,772.85464091,0.0052085678996214285,6500.0,75.0,52.19069586809928,-127.59103641456588,24.593967517401396,6500.0,2.6161592E7
6600.0,785.240982827,0.005292409425807885,6600.0,75.15151515151514,52.37114599669449,-127.1468144044322,25.114155251141533,6600.0,2.6164864E7
6700.0,797.646613725,0.00537638536779514,6700.0,75.5223880597015,52.97619032334904,-124.35020519835838,26.225820962663082,6700.0,2.6166064E7
6800.0,810.117449594,0.005460809481888019,6800.0,75.79411764705883,53.38448512320867,-122.73342354533159,26.616139099420415,6800.0,2.6168168E7
6900.0,822.613293961,0.005545406258595648,6900.0,76.13043478260869,53.84039857706752,-122.26720647773288,26.636971046770597,6900.0,2.6169208E7
7000.0,835.029806858,0.005629470947094085,7000.0,76.37142857142857,54.22566533497537,-120.82777036048071,27.424308907415533,7000.0,2.617076E7
7100.0,847.51231181,0.005713985321220154,7100.0,76.70422535211267,54.71046072119563,-119.94680851063826,27.835951134380444,7100.0,2.6171656E7
7200.0,860.012722071,0.005798623098656435,7200.0,77.02777777777777,55.179677599887675,-119.65471447543159,28.242950108459848,7200.0,2.6172328E7
7300.0,872.495658228,0.0058831520954548515,7300.0,77.24657534246575,55.527535641643475,-119.41875825627474,28.925973470261013,7300.0,2.617528E7
7400.0,885.013682078,0.005967919675280156,7400.0,77.55405405405405,55.92432268527929,-119.41875825627473,28.925973470261034,7400.0,2.6175584E7
7500.0,897.592250374,0.006053099505279966,7500.0,77.82666666666667,56.26765422817888,-119.10408432147572,28.90123984608806,7500.0,2.617628E7
7600.0,910.202413432,0.006138494959671634,7600.0,78.11842105263158,56.63175145438113,-119.10408432147554,28.901239846088085,7600.0,2.6176792E7
7700.0,922.805532866,0.0062238460536463425,7700.0,78.35064935064935,56.89464103124834,-119.63109354413713,28.730226592560925,7700.0,2.6177816E7
7800.0,935.471301857,0.006309622525138682,7800.0,78.62820512820512,57.23007342983194,-119.63109354413697,28.73022659256092,7800.0,2.6178152E7
7900.0,948.296936659,0.006396483329197496,7900.0,78.89873417721519,57.55202779938789,-119.63109354413697,28.73022659256092,7900.0,2.6178656E7
8000.0,961.242913994,0.006484162842926503,8000.0,79.125,57.798755278077465,-120.02635046113296,28.601966652415577,8000.0,2.617976E7
8100.0,973.987149221,0.006570478228859764,8100.0,79.38271604938272,58.096657044417555,-120.02635046113299,28.601966652415584,8100.0,2.6180432E7
8200.0,986.628363487,0.006656097722014093,8200.0,79.63414634146342,58.38326743561487,-120.0263504611331,28.601966652415584,8200.0,2.6181E7
8300.0,999.302349258,0.006741941381327745,8300.0,79.87951807228916,58.65921647747415,-120.02635046113296,28.601966652415573,8300.0,2.6181672E7
8400.0,1011.965387074,0.006827743909207858,8400.0,80.0952380952381,58.88485834087781,-120.28985507246388,28.51646002565201,8400.0,2.6191752E7
8500.0,1024.852889257,0.006915069875524194,8500.0,80.28235294117647,59.06176673046395,-120.81686429512509,28.345446772124827,8500.0,2.6192504E7
8600.0,1037.859796061,0.007003206410437117,8600.0,80.51162790697674,59.31001373515703,-120.81686429512517,28.34544677212486,8600.0,2.6192944E7
8700.0,1050.588588694,0.007089460171662143,8700.0,80.73563218390805,59.549663349401726,-120.81686429512519,28.345446772124856,8700.0,2.619348E7
8800.0,1063.24129431,0.007175201227035951,8800.0,80.93181818181819,59.77576810375097,-119.92136304062917,28.44349680170576,8800.0,2.619436E7
8900.0,1075.866426186,0.007260758433810067,8900.0,81.14606741573034,60.03421800129557,-119.34640522875814,28.626116546150566,8900.0,2.619528E7
9000.0,1088.554750938,0.007346749081573695,9000.0,81.31111111111112,60.175166130170545,-119.86928104575172,28.455976180348795,9000.0,2.6196864E7
9100.0,1101.276486278,0.0074329720291803625,9100.0,81.47252747252747,60.310169765561824,-120.39215686274507,28.285835814546985,9100.0,2.6198648E7
9200.0,1113.996220295,0.0075191840187609,9200.0,81.59782608695653,60.38288977105526,-121.30718954248347,27.988090174393886,9200.0,2.619944E7
9300.0,1126.612261768,0.007604700144900618,9300.0,81.58064516129032,60.3184922416947,-120.17994858611836,28.085642317380344,9300.0,2.6201568E7
9324.0,1130.328968769,0.0076298934238611385,9324.0,81.61733161733162,60.368112259865825,-119.18158567774941,28.19438625890236,9324.0,2.6201656E7
