learning evaluation instances,evaluation time (cpu seconds),model cost (RAM-Hours),classified instances,classifications correct (percent),Kappa Statistic (percent),Kappa Temporal Statistic (percent),Kappa M Statistic (percent),model training instances,model serialized size (bytes)
100.0,7.00784074,4.35432667266926E-5,100.0,100.0,?,?,?,100.0,2.4018128E7
200.0,14.872647049,9.570126072153251E-5,200.0,98.5,65.9863945578232,25.0,50.0,200.0,2.5635112E7
300.0,23.367684875,1.5206955250374844E-4,300.0,99.0,66.21621621621627,24.99999999999979,50.0,300.0,2.5649088E7
400.0,31.942379526,2.0898123801668103E-4,400.0,99.25,66.32996632996662,25.000000000000554,50.00000000000037,400.0,2.5655776E7
500.0,40.576515816,2.662992770987501E-4,500.0,99.0,54.145267791636165,16.666666666666664,37.5,500.0,2.5661072E7
600.0,49.260120191,3.239600532935353E-4,600.0,98.83333333333333,45.7364341085271,12.49999999999948,29.999999999999932,600.0,2.5667456E7
700.0,57.999491131,3.8202403038005027E-4,700.0,97.57142857142857,36.29550321199153,-41.66666666666656,22.727272727272968,700.0,2.5682008E7
800.0,67.07746152,4.424443989649744E-4,800.0,86.875,21.533460374397485,-707.6923076923082,13.934426229508192,800.0,2.5727464E7
900.0,76.229804565,5.034009689161239E-4,900.0,80.0,15.341924560248362,-542.8571428571431,10.44776119402989,900.0,2.5744864E7
1000.0,85.41372503,5.645905837498835E-4,1000.0,76.6,12.74452043046038,-265.6250000000003,8.949416342412459,1000.0,2.5754432E7
1100.0,94.70817563,6.265401135768661E-4,1100.0,72.54545454545455,9.691450319423652,-214.58333333333331,7.076923076923067,1100.0,2.57642E7
1200.0,103.995758544,6.884612643660421E-4,1200.0,72.0,8.75474669937496,-187.17948717948713,6.406685236768801,1200.0,2.577144E7
1300.0,113.390209267,7.51106636465347E-4,1300.0,69.53846153846153,7.297695407742455,-216.8,5.489260143198085,1300.0,2.5776264E7
1400.0,122.787434012,8.137942728089954E-4,1400.0,67.64285714285714,6.776422166691158,-212.41379310344843,5.230125523012534,1400.0,2.578604E7
1500.0,132.209758996,8.766621613354016E-4,1500.0,66.13333333333333,6.598188348062731,-183.79888268156435,5.046728971962621,1500.0,2.5791296E7
1600.0,141.688453421,9.399169489903783E-4,1600.0,64.625,6.01753453772581,-153.81165919282506,4.713804713804704,1600.0,2.5795696E7
1700.0,151.22041874,0.0010035358141884142,1700.0,63.294117647058826,5.7457088885848435,-159.9999999999999,4.441041347626347,1700.0,2.5799176E7
1800.0,160.714123578,0.0010669266494685954,1800.0,62.83333333333333,5.656534001880286,-135.56338028169012,4.4285714285714075,1800.0,2.5810304E7
1900.0,170.296388356,0.0011309172802847344,1900.0,61.8421052631579,6.830743757828925,-140.0662251655629,5.59895833333334,1900.0,2.581372E7
2000.0,179.824942486,0.0011945580843362332,2000.0,61.9,7.062290219342772,-128.14371257485024,5.693069306930697,2000.0,2.5817312E7
2100.0,189.446150029,0.0012588312567885077,2100.0,60.71428571428571,7.68507743263808,-122.37196765498659,6.462585034013603,2100.0,2.5822752E7
2200.0,199.115638799,0.0013234331891724147,2200.0,59.59090909090909,7.9779425603192164,-123.36683417085426,6.910994764397913,2200.0,2.582524E7
2300.0,208.771720488,0.0013879524233331103,2300.0,59.56521739130435,9.453035376390064,-128.50122850122847,8.374384236453205,2300.0,2.5827992E7
2400.0,218.403363263,0.0014523214798898788,2400.0,59.62499999999999,10.349995836687102,-124.82598607888636,9.269662921348292,2400.0,2.5833256E7
2500.0,228.043206469,0.0015167519642218198,2500.0,60.040000000000006,11.785524560887971,-117.64705882352942,10.64400715563508,2500.0,2.5835912E7
2600.0,237.842056315,0.0015822548856343846,2600.0,59.38461538461538,14.101216398858687,-130.06535947712422,13.300492610837434,2600.0,2.5839728E7
2700.0,247.62401391,0.0016476561830646437,2700.0,59.29629629629629,16.969987979074165,-139.43355119825705,16.616084977238224,2700.0,2.5844192E7
2800.0,257.440231965,0.0017132952176840337,2800.0,59.75,20.298559635650562,-145.5337690631808,18.451519536903042,2800.0,2.5847608E7
2900.0,267.283760369,0.0017791329446834037,2900.0,59.62068965517241,21.979248993695656,-155.11982570806106,15.267727930535443,2900.0,2.585392E7
3000.0,277.150383607,0.0018451347576371522,3000.0,59.86666666666667,23.99066676094181,-162.3093681917211,12.879884225759772,3000.0,2.5857688E7
3100.0,287.052076324,0.0019113795664130865,3100.0,60.61290322580645,26.54228025368928,-166.01307189542484,11.649782923299554,3100.0,2.5860968E7
3200.0,296.918294606,0.001977390676932107,3200.0,60.84375,27.803762213364948,-170.62634989200873,9.726224783861657,3200.0,2.5862392E7
3300.0,306.719382821,0.002042972294843396,3300.0,61.60606060606061,29.27965413655923,-167.8646934460888,10.837438423645338,3300.0,2.5864864E7
3400.0,316.590155858,0.002109022704652963,3400.0,62.382352941176464,31.16323775609187,-168.1341719077569,10.37140854940433,3400.0,2.5865848E7
3500.0,326.392971065,0.002174620909729379,3500.0,63.2,32.45761970343681,-165.02057613168714,12.500000000000005,3500.0,2.5866848E7
3600.0,336.238361375,0.0022405079910260608,3600.0,63.83333333333333,33.4664798640713,-164.09736308316437,14.059405940594043,3600.0,2.5868408E7
3700.0,346.094954396,0.002306476570596129,3700.0,64.45945945945945,34.453724909066416,-164.58752515090552,15.759128763613065,3700.0,2.5870968E7
3800.0,355.981498167,0.0023726487976362606,3800.0,65.07894736842104,35.69080163954914,-156.1776061776063,16.277602523659297,3800.0,2.5872216E7
3900.0,365.814793481,0.0024384669442113274,3900.0,65.74358974358975,36.68340316257312,-149.71962616822435,18.387293830177157,3900.0,2.5873128E7
4000.0,375.77803185,0.0025051588927192943,4000.0,66.325,38.03697265300659,-151.77570093457936,17.715332926084304,4000.0,2.5874696E7
4100.0,385.683325488,0.0025714699611680053,4100.0,67.07317073170732,39.49051340249599,-151.3966480446927,18.032786885245915,4100.0,2.5877424E7
4200.0,395.586566307,0.002637769172617257,4200.0,67.57142857142857,40.39759939984996,-148.99451553930524,18.345323741007192,4200.0,2.587816E7
4300.0,405.562405413,0.002704558474982117,4300.0,68.0,41.28038299544678,-151.09489051094883,17.604790419161688,4300.0,2.5879736E7
4400.0,415.427309941,0.0027706073656250264,4400.0,68.54545454545455,42.1591974626641,-148.02867383512546,18.9695550351288,4400.0,2.588064E7
4500.0,425.327930995,0.002836899078824634,4500.0,69.06666666666666,43.02011924659207,-148.12834224598924,20.04595060310165,4500.0,2.588208E7
4600.0,435.31238575,0.002903755114656123,4600.0,69.54347826086956,43.885382196917845,-149.28825622775807,19.805380652547214,4600.0,2.588324E7
4700.0,445.162586819,0.0029697145101089807,4700.0,70.19148936170212,44.9155165461752,-147.96460176991152,21.68809390721073,4700.0,2.5884152E7
4800.0,455.155141863,0.0030366911497814097,4800.0,70.64583333333333,45.652226320484075,-144.19410745233964,22.36914600550964,4800.0,2.5908912E7
4900.0,465.209966808,0.0031040898035825035,4900.0,71.10204081632652,46.40969519239725,-142.88164665523163,22.66521026761333,4900.0,2.5910696E7
5000.0,475.283699473,0.003171617783249411,5000.0,71.61999999999999,47.26665102875739,-140.1015228426397,22.8384991843393,5000.0,2.5911688E7
5100.0,485.376797323,0.0032392804211454915,5100.0,72.13725490196077,48.10174009664242,-139.62900505902184,23.272138228941674,5100.0,2.5913544E7
5200.0,495.485292979,0.0033070495472734165,5200.0,72.59615384615384,48.82511864837538,-138.6934673366835,23.221982758620676,5200.0,2.5914792E7
5300.0,505.564139166,0.0033746223178374468,5300.0,73.0377358490566,49.50354969303556,-136.98175787728027,23.254564983888294,5300.0,2.591572E7
5400.0,515.667205784,0.003442363243214197,5400.0,73.31481481481481,49.87802841984194,-136.6174055829229,23.513800424628442,5400.0,2.5917928E7
5500.0,525.797936695,0.003510297687517248,5500.0,73.72727272727273,50.49421690229282,-134.95934959349592,23.867228661749223,5500.0,2.5920992E7
5600.0,535.923722132,0.003578204899220295,5600.0,74.19642857142857,51.178308978798896,-134.19773095623978,23.94736842105264,5600.0,2.5923256E7
5700.0,545.998385192,0.0036457721012892468,5700.0,74.57894736842105,51.72530610269565,-131.10047846889952,24.648985959438377,5700.0,2.5924344E7
5800.0,556.123252643,0.00371367841621862,5800.0,75.01724137931033,52.38495608914157,-126.76056338028164,25.27075812274368,5800.0,2.5925264E7
5900.0,566.237136778,0.0037815149606238957,5900.0,75.40677966101696,52.980503020575256,-124.26584234930445,26.2328418912049,5900.0,2.5926752E7
6000.0,576.421639692,0.0038498337850598136,6000.0,75.71666666666667,53.4052639792736,-121.76560121765594,26.673376950176152,6000.0,2.5930024E7
6100.0,586.536499068,0.003917689996143408,6100.0,75.95081967213115,53.75287652384444,-118.6289120715351,27.627035027133683,6100.0,2.5931768E7
6200.0,596.655820702,0.003985580917588797,6200.0,76.14516129032258,53.975647215892565,-114.65892597968075,28.377723970944306,6200.0,2.5933592E7
6300.0,606.807903229,0.004053694532627875,6300.0,76.46031746031746,54.47624660797386,-112.16022889842638,29.279923700524563,6300.0,2.5934696E7
6400.0,616.973141022,0.00412189864064579,6400.0,76.796875,54.99989772704028,-110.04243281471004,29.91977347805567,6400.0,2.5935544E7
6500.0,627.131607403,0.0041900610999020555,6500.0,77.15384615384615,55.6055445121968,-107.983193277311,31.090487238979115,6500.0,2.5936984E7
6600.0,637.313400717,0.004258388741640878,6600.0,77.27272727272727,55.74532912064628,-107.75623268698067,31.50684931506848,6600.0,2.5940272E7
6700.0,647.529330461,0.004326948636446845,6700.0,77.61194029850746,56.31621082379108,-105.19835841313265,32.52361673414306,6700.0,2.5941472E7
6800.0,657.747050974,0.0043955261108117975,6800.0,77.9264705882353,56.804073624533835,-103.11231393775375,33.080695497102106,6800.0,2.5943576E7
6900.0,668.016742458,0.0044644551577192725,6900.0,78.2463768115942,57.23738538170863,-102.56410256410264,33.1403118040089,6900.0,2.5944616E7
7000.0,678.203568249,0.004532832109197699,7000.0,78.45714285714286,57.57813423683281,-101.33511348464621,33.83062746818782,7000.0,2.5946168E7
7100.0,688.44541912,0.0046015808215039995,7100.0,78.7605633802817,58.02394016996172,-100.53191489361699,34.20593368237346,7100.0,2.594708E7
7200.0,698.683188236,0.004670303914719176,7200.0,79.05555555555556,58.45566304457209,-100.26560424966793,34.57700650759219,7200.0,2.5947752E7
7300.0,708.903792322,0.0047389195895201856,7300.0,79.24657534246575,58.769467208836645,-100.13210039630115,35.17329910141207,7300.0,2.5950704E7
7400.0,719.180378915,0.004807911909163175,7400.0,79.52702702702703,59.12730246612827,-100.13210039630114,35.173299101412084,7400.0,2.5951008E7
7500.0,729.435298862,0.004876760530379985,7500.0,79.80000000000001,59.47802344764721,-99.604743083004,35.22873022659256,7500.0,2.5951672E7
7600.0,739.728365919,0.0049458666238294,7600.0,80.06578947368422,59.806243332458294,-99.60474308300388,35.22873022659257,7600.0,2.5952184E7
7700.0,749.989040768,0.005014757959050321,7700.0,80.28571428571428,60.0542780089105,-100.00000000000011,35.10047028644719,7700.0,2.5953208E7
7800.0,760.255689188,0.0050836902939171615,7800.0,80.53846153846153,60.35678491798049,-100.0,35.100470286447184,7800.0,2.5953544E7
7900.0,770.50831903,0.005152530011784069,7900.0,80.78481012658227,60.64725651437508,-100.0,35.10047028644718,7900.0,2.5954112E7
8000.0,780.791112031,0.005221575022149793,8000.0,80.95,60.79709739033815,-100.79051383399201,34.84395040615649,8000.0,2.5955152E7
8100.0,791.064314315,0.0052905575480630485,8100.0,81.18518518518518,61.06670491745266,-100.79051383399207,34.84395040615648,8100.0,2.5955872E7
8200.0,801.359033659,0.00535968606951451,8200.0,81.41463414634146,61.326186728217294,-100.79051383399222,34.843950406156466,8200.0,2.595644E7
8300.0,811.65179051,0.005428803031872487,8300.0,81.63855421686746,61.57610274902249,-100.79051383399207,34.843950406156466,8300.0,2.5957048E7
8400.0,821.989302497,0.005498247444126225,8400.0,81.83333333333334,61.77535044480618,-101.0540184453229,34.75844377939292,8400.0,2.5967112E7
8500.0,832.343112889,0.005567803401462775,8500.0,82.02352941176471,61.966704409080364,-101.3175230566534,34.672937152629316,8500.0,2.596788E7
8600.0,842.688625177,0.005637304747680688,8600.0,82.23255813953489,62.19152217504858,-101.31752305665351,34.67293715262934,8600.0,2.5968304E7
8700.0,853.037270767,0.005706828621295908,8700.0,82.43678160919539,62.40861957209688,-101.31752305665358,34.67293715262932,8700.0,2.5968856E7
8800.0,863.345731711,0.0057760848747541544,8800.0,82.63636363636364,62.65230205350678,-100.26212319790304,34.8400852878465,8800.0,2.5969736E7
8900.0,873.6577544,0.005845367682445815,8900.0,82.8314606741573,62.889758908414436,-99.73856209150334,35.00638026371753,8900.0,2.597072E7
9000.0,884.017008427,0.005914971722677462,9000.0,83.0,63.04705454431865,-100.00000000000013,34.92131008081667,9000.0,2.5972176E7
9100.0,894.373384318,0.005984561204350407,9100.0,83.16483516483515,63.19854901782107,-100.2614379084967,34.83623989791577,9100.0,2.597396E7
9200.0,904.740496424,0.006054224909043039,9200.0,83.27173913043478,63.24650952421793,-101.17647058823516,34.53849425776266,9200.0,2.5974736E7
9300.0,915.06917414,0.0061236360756728985,9300.0,83.26881720430107,63.21135941943565,-100.00000000000013,34.67674223341727,9300.0,2.597688E7
9324.0,918.258209446,0.006145067249115027,9324.0,83.3011583011583,63.25620751896962,-99.10485933503843,34.77167993297023,9324.0,2.5977E7
