learning evaluation instances,evaluation time (cpu seconds),model cost (RAM-Hours),classified instances,classifications correct (percent),Kappa Statistic (percent),Kappa Temporal Statistic (percent),Kappa M Statistic (percent),model training instances,model serialized size (bytes)
100.0,0.814835806,6.490236112996109E-8,100.0,100.0,?,?,?,100.0,307888.0
200.0,1.277622501,1.0433919934005582E-7,200.0,98.5,65.9863945578232,25.0,50.0,200.0,329400.0
300.0,1.702497127,1.405708224534264E-7,300.0,98.33333333333333,53.703703703703745,-25.00000000000063,16.666666666666483,300.0,329632.0
400.0,1.905733253,1.5790409636658722E-7,400.0,98.0,41.86046511627918,-100.0,-33.33333333333333,400.0,329672.0
500.0,2.08221523,1.7295706669588884E-7,500.0,97.39999999999999,30.28743028743022,-116.66666666666667,-62.5,500.0,329704.0
600.0,2.261803551,1.8828279679971024E-7,600.0,97.5,38.775510204081826,-87.50000000000053,-49.999999999999666,600.0,329872.0
700.0,2.436947393,2.0326404136596043E-7,700.0,96.57142857142857,43.68463395012074,-100.0,-9.090909090908834,700.0,330640.0
800.0,2.630818143,2.1987922468109678E-7,800.0,95.75,82.98638911128904,-161.53846153846166,72.1311475409836,800.0,331280.0
900.0,2.807360121,2.3501331021117667E-7,900.0,95.0,85.08485062754109,-60.714285714285964,77.61194029850745,900.0,331368.0
1000.0,2.934995632,2.4595461792480616E-7,1000.0,94.39999999999999,84.9535979708852,12.499999999999849,78.21011673151749,1000.0,331360.0
1100.0,3.098522255,2.5997769844266486E-7,1100.0,89.63636363636364,73.29357895857736,-18.749999999999993,64.92307692307692,1100.0,331480.0
1200.0,3.278418884,2.7540792514175387E-7,1200.0,88.25,69.57491188952024,-20.51282051282052,60.724233983286894,1200.0,331552.0
1300.0,3.452357914,2.903278722240962E-7,1300.0,85.6923076923077,64.00446594715294,-48.80000000000004,55.60859188544151,1300.0,331568.0
1400.0,3.58789276,3.019586773392993E-7,1400.0,84.64285714285714,62.83712040772988,-48.27586206896557,55.02092050209204,1400.0,331712.0
1500.0,3.681698508,3.100083420049834E-7,1500.0,82.6,58.69556043214044,-45.810055865921875,51.21495327102803,1500.0,331704.0
1600.0,3.781464401,3.1856966547914883E-7,1600.0,81.25,56.31280034949759,-34.52914798206275,49.494949494949495,1600.0,331712.0
1700.0,3.888594833,3.277636356257254E-7,1700.0,81.0,56.658394584627835,-34.58333333333324,50.535987748851475,1700.0,331736.0
1800.0,3.994006581,3.3681076220856976E-7,1800.0,81.22222222222221,57.632311977715865,-19.014084507042266,51.7142857142857,1800.0,331760.0
1900.0,4.102448764,3.461170828399869E-7,1900.0,81.73684210526316,59.85488573286604,-14.900662251655609,54.81770833333335,1900.0,331728.0
2000.0,4.257958645,3.594626719262885E-7,2000.0,82.25,61.10185834502104,-6.287425149700569,56.06435643564357,2000.0,331728.0
2100.0,4.396449479,3.7134742920624505E-7,2100.0,82.80952380952381,63.16627214104972,2.695417789757403,59.070294784580504,2100.0,331720.0
2200.0,4.600399512,3.888479578957458E-7,2200.0,83.18181818181817,64.58544522708387,7.035175879396968,61.25654450261779,2200.0,331688.0
2300.0,4.780283676,4.042823274877667E-7,2300.0,83.47826086956522,65.50213342069634,6.633906633906619,62.561576354679794,2300.0,331664.0
2400.0,4.956950716,4.1943993106421496E-7,2400.0,83.75,66.2308424971859,9.512761020881674,63.48314606741573,2400.0,331648.0
2500.0,5.123490316,4.3372896952119136E-7,2500.0,84.16,67.18333576419737,13.725490196078432,64.57960644007156,2500.0,331656.0
2600.0,5.289820276,4.480003651781546E-7,2600.0,84.53846153846155,68.51784470731114,12.418300653594779,66.99507389162562,2600.0,331664.0
2700.0,5.467205168,4.6321955871525736E-7,2700.0,84.88888888888889,69.60593666468749,11.111111111111148,69.04400606980273,2700.0,331648.0
2800.0,5.633026691,4.774459568654704E-7,2800.0,85.07142857142857,70.21998131369983,8.932461873638367,69.75397973950797,2800.0,331632.0
2900.0,5.802026019,4.919453395861926E-7,2900.0,85.37931034482759,70.9819869315103,7.625272331154666,69.31982633863964,2900.0,331640.0
3000.0,5.939577838,5.037463827075975E-7,3000.0,85.7,71.68658212387153,6.535947712418305,68.95803183791605,3000.0,331632.0
3100.0,6.10860972,5.182471590977949E-7,3100.0,86.16129032258064,72.59660320689183,6.53594771241828,68.95803183791605,3100.0,331608.0
3200.0,6.276012519,5.326095668064286E-7,3200.0,86.46875,73.1575660173546,6.4794816414687,68.80403458213257,3200.0,331640.0
3300.0,6.485166414,5.505531651559763E-7,3300.0,86.60606060606061,73.39784286525624,6.553911205074001,68.89514426460241,3300.0,331624.0
3400.0,6.680282816,5.672916601782459E-7,3400.0,86.82352941176471,73.72895358379364,6.079664570230619,68.60546601261387,3400.0,331608.0
3500.0,6.899170135,5.860693962474024E-7,3500.0,86.91428571428571,73.88073320350281,5.7613168724279875,68.88586956521738,3500.0,331608.0
3600.0,7.033606895,5.9760235306192E-7,3600.0,87.0,74.01599940777207,5.070993914807285,69.10891089108911,3600.0,331608.0
3700.0,7.13280594,6.061119534235325E-7,3700.0,87.1891891891892,74.37188617247963,4.62776659959754,69.63484945547725,3700.0,331592.0
3800.0,7.230057948,6.144539271197843E-7,3800.0,87.31578947368422,74.56722204248146,6.949806949806941,69.58990536277602,3800.0,331568.0
3900.0,7.330208517,6.230445303314181E-7,3900.0,87.58974358974359,75.12009601881994,9.532710280373768,70.43372021991446,3900.0,331568.0
4000.0,7.440609742,6.325134888716168E-7,4000.0,87.9,75.62525133311996,9.532710280373859,70.43372021991448,4000.0,331536.0
4100.0,7.539864189,6.41025993029703E-7,4100.0,88.14634146341463,76.0143697109374,9.497206703910622,70.49180327868852,4100.0,331520.0
4200.0,7.636594591,6.493220238285886E-7,4200.0,88.33333333333333,76.30927516051675,10.420475319926869,70.62350119904076,4200.0,331520.0
4300.0,7.743186681,6.584633957770676E-7,4300.0,88.60465116279069,76.72101008940369,10.583941605839392,70.65868263473052,4300.0,331504.0
4400.0,7.840229271,6.667864020514325E-7,4400.0,88.47727272727272,76.42492456567669,9.139784946236562,70.31615925058547,4400.0,331528.0
4500.0,7.941695749,6.754890398473626E-7,4500.0,88.53333333333333,76.4923272049377,8.021390374331554,70.3618609994256,4500.0,331536.0
4600.0,8.050524751,6.848231510214842E-7,4600.0,88.69565217391305,76.69201637249432,7.473309608540902,70.23468803663422,4600.0,331536.0
4700.0,8.145185498,6.929416789746453E-7,4700.0,88.72340425531915,76.7256948889028,6.194690265486712,70.3745108999441,4700.0,331520.0
4800.0,8.306500262,7.06776752775527E-7,4800.0,88.58333333333334,76.38230073239649,5.0259965337955395,69.80716253443528,4800.0,331520.0
4900.0,8.455821702,7.195829165703227E-7,4900.0,88.57142857142857,76.2488606983562,3.945111492281258,69.41561987984707,4900.0,331512.0
5000.0,8.563535498,7.288207093115071E-7,5000.0,88.6,76.15863591928202,3.5532994923857717,69.00489396411093,5000.0,331512.0
5100.0,8.653080045,7.36500263806915E-7,5100.0,88.72549019607843,76.29310693284138,3.035413153457005,68.95248380129588,5100.0,331512.0
5200.0,8.742193159,7.44142448718455E-7,5200.0,88.90384615384616,76.51807616645776,3.350083752093792,68.91163793103449,5200.0,331496.0
5300.0,8.836623419,7.52240622778053E-7,5300.0,89.0754716981132,76.72773106184704,3.980099502487542,68.90440386680987,5300.0,331496.0
5400.0,8.927718552,7.600527821750114E-7,5400.0,89.01851851851852,76.50372629680766,2.6272577996715776,68.52441613588111,5400.0,331496.0
5500.0,9.060668308,7.714537705829824E-7,5500.0,89.01818181818182,76.37555164011417,1.7886178861788633,68.17702845100105,5500.0,331480.0
5600.0,9.191215708,7.826487470829075E-7,5600.0,89.17857142857143,76.54215168523793,1.7828200972447659,68.10526315789474,5600.0,331480.0
5700.0,9.314861849,7.932519122382566E-7,5700.0,89.15789473684211,76.39498179265458,1.4354066985645575,67.86271450858034,5700.0,331480.0
5800.0,9.440544506,8.040302372440202E-7,5800.0,89.17241379310344,76.2942460439103,1.7214397496087714,67.61217122227951,5800.0,331496.0
5900.0,9.622134865,8.196023574211969E-7,5900.0,89.11864406779661,76.09611836756899,0.772797527047952,67.3614641586172,5900.0,331480.0
6000.0,9.80298086,8.351106453237561E-7,6000.0,89.13333333333333,76.04196330966313,0.7610350076103674,67.18671363865123,6000.0,331480.0
6100.0,9.973398089,8.497242709511522E-7,6100.0,88.95081967213115,75.6377795146162,-0.4470938897168956,66.74888998519978,6100.0,331472.0
6200.0,10.113556719,8.617431598820872E-7,6200.0,88.66129032258064,74.948271105389,-2.031930333817177,65.95641646489103,6200.0,331472.0
6300.0,10.243703714,8.729035306534051E-7,6300.0,88.5873015873016,74.73469674608195,-2.861230329041479,65.71292322365285,6300.0,331472.0
6400.0,10.421467395,8.881471295519757E-7,6400.0,88.671875,74.83604380958,-2.545968882602542,65.78574799433696,6400.0,331472.0
6500.0,10.600495361,9.034984024382055E-7,6500.0,88.6923076923077,74.861984269469,-2.941176470588262,65.89327146171694,6500.0,331456.0
6600.0,10.778877201,9.187942713740554E-7,6600.0,88.54545454545455,74.50815702190535,-4.709141274238207,65.47945205479454,6600.0,331456.0
6700.0,10.888353295,9.281816169997805E-7,6700.0,88.56716417910448,74.5220160024496,-4.7879616963064535,65.54206027890238,6700.0,331456.0
6800.0,10.992406512,9.371041776368957E-7,6800.0,88.55882352941177,74.3933002062224,-5.277401894451965,65.31431119037005,6800.0,331464.0
6900.0,11.09061177,9.455248694503373E-7,6900.0,88.72463768115942,74.59139727435678,-4.993252361673401,65.34521158129178,6900.0,331448.0
7000.0,11.225925397,9.571274493358867E-7,7000.0,88.62857142857142,74.33875550701266,-6.275033377837182,65.07240017551557,7000.0,331448.0
7100.0,11.39029291,9.712212789260993E-7,7100.0,88.71830985915493,74.41536055487505,-6.51595744680848,65.0523560209424,7100.0,331448.0
7200.0,11.557918308,9.855944585848044E-7,7200.0,88.75,74.35005403113617,-7.569721115537862,64.85900216919738,7200.0,331448.0
7300.0,11.734531497,1.0007390349237252E-6,7300.0,88.67123287671232,74.14739194028638,-9.247027741083237,64.6127513906718,7300.0,331464.0
7400.0,11.907739962,1.0155909393222074E-6,7400.0,88.82432432432432,74.31385532418989,-9.247027741083237,64.6127513906718,7400.0,331448.0
7500.0,12.07690474,1.0300961144038437E-6,7500.0,88.94666666666666,74.42968007797559,-9.222661396574525,64.5575032064985,7500.0,331448.0
7600.0,12.233158579,1.0434942302449133E-6,7600.0,89.09210526315789,74.58409307278977,-9.222661396574411,64.5575032064985,7600.0,331448.0
7700.0,12.352187543,1.0537007144526892E-6,7700.0,89.20779220779221,74.67781259230625,-9.486166007905235,64.47199657973492,7700.0,331456.0
7800.0,12.469419659,1.0637531227102133E-6,7800.0,89.34615384615384,74.8213550708683,-9.486166007905172,64.47199657973492,7800.0,331456.0
7900.0,12.60667025,1.0755220732452226E-6,7900.0,89.48101265822784,74.95970606328389,-9.486166007905164,64.47199657973492,7900.0,331456.0
8000.0,12.717383178,1.08501547479435E-6,8000.0,89.53750000000001,74.93202896024526,-10.27667984189715,64.21547669944422,8000.0,331456.0
8100.0,12.817272176,1.0935807470302536E-6,8100.0,89.66666666666666,75.06186622887392,-10.276679841897257,64.2154766994442,8100.0,331456.0
8200.0,12.916071747,1.1020528076602336E-6,8200.0,89.79268292682927,75.18724709675536,-10.276679841897247,64.21547669944422,8200.0,331464.0
8300.0,13.010997896,1.1101927224549904E-6,8300.0,89.91566265060241,75.30839712823769,-10.276679841897158,64.21547669944422,8300.0,331464.0
8400.0,13.104051358,1.1181720543884614E-6,8400.0,90.01190476190476,75.37321412472456,-10.540184453228022,64.12997007268063,8400.0,331464.0
8500.0,13.198384531,1.1262611215067224E-6,8500.0,90.12941176470588,75.486826167001,-10.540184453227914,64.12997007268062,8500.0,331464.0
8600.0,13.287602035,1.1339115201419906E-6,8600.0,90.24418604651163,75.59678862748255,-10.540184453227901,64.12997007268065,8600.0,331464.0
8700.0,13.377947398,1.1416586326570192E-6,8700.0,90.35632183908045,75.7032745806582,-10.540184453227997,64.12997007268062,8700.0,331464.0
8800.0,13.473443491,1.1498474201348737E-6,8800.0,90.4659090909091,75.84486693607488,-9.960681520314584,64.22174840085289,8800.0,331464.0
8900.0,13.576451188,1.1586803274593258E-6,8900.0,90.57303370786516,75.98343416274876,-9.673202614379079,64.31305827307528,8900.0,331464.0
9000.0,13.671266629,1.166810749045977E-6,9000.0,90.65555555555555,76.03028905020281,-9.93464052287586,64.22798809017439,9000.0,331464.0
9100.0,13.756444398,1.1741149167950186E-6,9100.0,90.75824175824175,76.12498725621941,-9.93464052287583,64.22798809017438,9100.0,331472.0
9200.0,13.845338068,1.1817377306481019E-6,9200.0,90.82608695652173,76.14196294052394,-10.32679738562091,64.10038281582302,9200.0,331472.0
9300.0,13.933310172,1.1892815183335028E-6,9300.0,90.6989247311828,75.827394525768,-11.182519280205709,63.68597816960537,9300.0,331472.0
9324.0,13.960004495,1.1915706110795114E-6,9324.0,90.7014157014157,75.81926194187295,-10.869565217391319,63.678257226644305,9324.0,331472.0
