learning evaluation instances,evaluation time (cpu seconds),model cost (RAM-Hours),classified instances,classifications correct (percent),Kappa Statistic (percent),Kappa Temporal Statistic (percent),Kappa M Statistic (percent),model training instances,model serialized size (bytes)
100.0,8.230869255,5.162116847377749E-5,100.0,100.0,?,?,?,100.0,2.4242896E7
200.0,17.972396196,1.1679144417427357E-4,200.0,98.5,65.9863945578232,25.0,50.0,200.0,2.5859784E7
300.0,28.712330289,1.8867943964965682E-4,300.0,99.0,66.21621621621627,24.99999999999979,50.0,300.0,2.5873616E7
400.0,39.60582631,2.616146041432777E-4,400.0,99.25,66.32996632996662,25.000000000000554,50.00000000000037,400.0,2.5880464E7
500.0,50.536401709,3.3481254930623025E-4,500.0,99.0,54.145267791636165,16.666666666666664,37.5,500.0,2.58856E7
600.0,61.509209582,4.083114769445054E-4,600.0,98.66666666666667,42.3076923076929,0.0,20.0000000000004,600.0,2.5892E7
700.0,72.549265226,4.823026846271161E-4,700.0,97.42857142857143,34.83657426561882,-50.0,18.181818181818375,700.0,2.5906648E7
800.0,83.753204125,5.575240945558264E-4,800.0,85.375,7.775982343435945,-800.0000000000007,4.098360655737691,800.0,2.5952136E7
900.0,95.003840392,6.331095733531748E-4,900.0,78.22222222222223,4.3311314308028095,-600.0000000000003,2.4875621890547666,900.0,2.5969504E7
1000.0,106.276982439,7.088741572180554E-4,1000.0,74.8,3.2265497192801975,-293.75000000000034,1.9455252918287955,1000.0,2.5979072E7
1100.0,117.612835,7.850889456010062E-4,1100.0,70.9090909090909,2.39844724802441,-233.33333333333331,1.5384615384615299,1100.0,2.5988872E7
1200.0,128.944400535,8.612961817002309E-4,1200.0,70.5,2.1590422273097563,-202.5641025641025,1.3927576601671259,1200.0,2.5996128E7
1300.0,140.340725052,9.379529696095321E-4,1300.0,68.15384615384616,1.7764913292476932,-231.20000000000002,1.1933174224343635,1300.0,2.6000888E7
1400.0,151.797417911,0.0010150448915377725,1400.0,66.21428571428571,1.5034775727791119,-226.20689655172424,1.0460251046025069,1400.0,2.6010696E7
1500.0,163.300344294,0.0010924633686188385,1500.0,64.66666666666666,1.304763441794628,-196.08938547486048,0.9345794392523268,1500.0,2.6015888E7
1600.0,174.847748356,0.0011701943393206647,1600.0,63.1875,1.1417374045929722,-164.1255605381166,0.8417508417508238,1600.0,2.6020288E7
1700.0,186.427216331,0.0012481514760846113,1700.0,61.882352941176464,1.0816722728766588,-169.99999999999994,0.7656967840735042,1700.0,2.6023736E7
1800.0,197.958807679,0.0013258194398644777,1800.0,61.5,1.3445112306231815,-144.01408450704224,0.9999999999999851,1800.0,2.6034848E7
1900.0,209.575493683,0.001404070753880299,1900.0,60.526315789473685,2.8767563971843066,-148.34437086092717,2.343749999999996,1900.0,2.6038248E7
2000.0,221.149284149,0.0014820434904169065,2000.0,60.650000000000006,3.1742125984252025,-135.62874251496999,2.5990099009901146,2000.0,2.6041712E7
2100.0,232.83183959,0.001560765902423894,2100.0,59.42857142857143,3.9935094203551817,-129.64959568733155,3.401360544217701,2100.0,2.6047312E7
2200.0,244.52962407,0.0016395980281461537,2200.0,58.31818181818181,4.532505513018279,-130.4020100502513,3.979057591623024,2200.0,2.6049656E7
2300.0,256.204049576,0.0017182811444200912,2300.0,58.34782608695652,6.2769835429631,-135.38083538083535,5.615763546798033,2300.0,2.605244E7
2400.0,267.881342934,0.001796999539878994,2400.0,58.416666666666664,7.261137026780882,-131.554524361949,6.554307116104846,2400.0,2.605772E7
2500.0,279.559248738,0.0018757301362614016,2500.0,58.879999999999995,8.85930145796749,-123.96514161220047,8.050089445438289,2500.0,2.6060392E7
2600.0,291.365678829,0.001955338976155282,2600.0,58.11538461538461,11.202742760800007,-137.25490196078434,10.591133004926109,2600.0,2.606424E7
2700.0,303.184776059,0.002035046877675546,2700.0,57.666666666666664,13.555977833400926,-149.01960784313718,13.277693474962055,2700.0,2.6068704E7
2800.0,315.022995746,0.0021148942025908347,2800.0,57.82142857142857,16.531287893856312,-157.2984749455338,14.544138929088268,2800.0,2.607212E7
2900.0,326.863254152,0.00219477475962306,2900.0,57.68965517241379,18.426530462531634,-167.32026143790856,11.215629522431247,2900.0,2.607848E7
3000.0,338.735750182,0.0022748843815990124,3000.0,57.666666666666664,20.1413226106116,-176.68845315904136,8.104196816208391,3000.0,2.6082248E7
3100.0,350.632415807,0.0023551671333598007,3100.0,58.12903225806452,22.370457944458938,-182.78867102396512,6.078147612156296,3100.0,2.6085512E7
3200.0,362.515330337,0.0024353614655924943,3200.0,58.25,23.587279798673073,-188.55291576673872,3.7463976945244926,3200.0,2.6086936E7
3300.0,374.327595187,0.0025150865577337907,3300.0,59.060606060606055,25.15918969206875,-185.6236786469345,4.926108374384242,3300.0,2.6089408E7
3400.0,386.21427251,0.0025953168130762173,3400.0,59.85294117647059,27.164170484492445,-186.16352201257868,4.344779257182892,3400.0,2.609036E7
3500.0,397.998930934,0.0026748613845513462,3500.0,60.542857142857144,28.220534555423214,-184.15637860082293,6.18206521739131,3500.0,2.6091312E7
3600.0,409.810284836,0.002754590913005268,3600.0,61.25000000000001,29.325936621323812,-182.9614604462475,7.92079207920792,3600.0,2.6092872E7
3700.0,421.66741205,0.002834637226099412,3700.0,61.945945945945944,30.39803357343624,-183.29979879275663,9.801409352978864,3700.0,2.6095416E7
3800.0,433.580837658,0.002915067499841046,3800.0,62.55263157894737,31.642580475521086,-174.71042471042477,10.220820189274459,3800.0,2.609668E7
3900.0,445.429432451,0.002995062930396488,3900.0,63.05128205128205,32.31984716056234,-169.34579439252343,11.973121563836287,3900.0,2.6097608E7
4000.0,457.399573306,0.0030758839797667206,4000.0,63.65,33.78383701715768,-171.77570093457942,11.178985949908359,4000.0,2.6099224E7
4100.0,469.298930742,0.0031562356037331705,4100.0,64.3658536585366,35.22868972962593,-172.06703910614522,11.29326047358835,4100.0,2.6101984E7
4200.0,481.22084614,0.0032367414278358054,4200.0,64.88095238095238,36.18223263909493,-169.65265082266902,11.570743405275783,4200.0,2.6102592E7
4300.0,493.169924646,0.0033174355496529873,4300.0,65.3953488372093,37.254102058187826,-171.53284671532845,10.898203592814363,4300.0,2.6104168E7
4400.0,505.033377056,0.0033975544932338935,4400.0,66.0,38.20614573976888,-168.10035842293902,12.412177985948485,4400.0,2.6105168E7
4500.0,516.946212278,0.003478011328530308,4500.0,66.55555555555556,39.11067875971892,-168.27094474153287,13.555427914991375,4500.0,2.6106592E7
4600.0,528.981481937,0.00355929872230996,4600.0,67.1086956521739,40.125931859975985,-169.21708185053384,13.39439038351459,4600.0,2.6107768E7
4700.0,540.911991391,0.0036398813701973964,4700.0,67.80851063829788,41.20721688419662,-167.7876106194691,15.427613191727204,4700.0,2.610868E7
4800.0,552.92138607,0.003721073860009287,4800.0,68.33333333333333,42.06254481695624,-163.43154246100514,16.253443526170813,4800.0,2.6133472E7
4900.0,564.970231544,0.0038025386275086564,4900.0,68.75510204081633,42.77419626500157,-162.6072041166381,16.38448935008194,4900.0,2.6135256E7
5000.0,577.054010139,0.0038842426862282513,5000.0,69.24,43.59256255100693,-160.23688663282576,16.36759108210985,5000.0,2.6136248E7
5100.0,589.120822437,0.003965837671927587,5100.0,69.68627450980392,44.321288325986345,-160.7082630691398,16.522678185745153,5100.0,2.6138056E7
5200.0,601.206752319,0.004047565881535294,5200.0,70.1923076923077,45.13112979224439,-159.6314907872698,16.48706896551722,5200.0,2.613932E7
5300.0,613.296488493,0.004129322732716613,5300.0,70.71698113207547,45.94659953012129,-157.37976782752904,16.64876476906552,5300.0,2.6140248E7
5400.0,625.38438183,0.004211074026450954,5400.0,70.98148148148148,46.308157596579065,-157.3070607553367,16.825902335456476,5400.0,2.6142456E7
5500.0,637.525748483,0.004293196638294006,5500.0,71.45454545454545,47.02700978359292,-155.28455284552842,17.281348788198123,5500.0,2.6145536E7
5600.0,649.651419848,0.004375220191253829,5600.0,71.96428571428571,47.77732899332368,-154.45705024311175,17.368421052631582,5600.0,2.61478E7
5700.0,661.764329274,0.004457160826033931,5700.0,72.3859649122807,48.394065990574745,-151.03668261563007,18.148725949037942,5700.0,2.6148888E7
5800.0,673.918907021,0.004539386279162754,5800.0,72.8103448275862,49.022563699223205,-146.79186228481996,18.66941722537391,5800.0,2.6149824E7
5900.0,686.018759361,0.004621246524492582,5900.0,73.11864406779661,49.48404888150038,-145.13137557959814,19.3695983731571,5900.0,2.6151424E7
6000.0,698.159830552,0.004703395908548221,6000.0,73.43333333333332,49.884483840051644,-142.61796042617956,19.778560644187216,6000.0,2.6154696E7
6100.0,710.270928732,0.004785347751752662,6100.0,73.67213114754098,50.21837833443009,-139.34426229508196,20.769610261470167,6100.0,2.6156376E7
6200.0,722.400772201,0.004867432161911889,6200.0,73.90322580645162,50.478524288063376,-134.83309143686512,21.646489104116206,6200.0,2.61582E7
6300.0,734.5333064,0.004949538295970017,6300.0,74.25396825396825,51.01858394786589,-132.0457796852648,22.651406771578433,6300.0,2.615932E7
6400.0,746.695012189,0.005031844212835233,6400.0,74.625,51.58569247654443,-129.70297029702974,23.360075507314754,6400.0,2.6160072E7
6500.0,758.839588032,0.005114038976127279,6500.0,75.0,52.19069586809928,-127.59103641456588,24.593967517401396,6500.0,2.6161592E7
6600.0,771.028550013,0.00519654446337797,6600.0,75.15151515151514,52.37114599669449,-127.1468144044322,25.114155251141533,6600.0,2.6164864E7
6700.0,783.204732688,0.005278967229164662,6700.0,75.5223880597015,52.97619032334904,-124.35020519835838,26.225820962663082,6700.0,2.6166064E7
6800.0,795.428434079,0.005361718311105877,6800.0,75.79411764705883,53.38448512320867,-122.73342354533159,26.616139099420415,6800.0,2.6168168E7
6900.0,807.683300956,0.005444683671935205,6900.0,76.13043478260869,53.84039857706752,-122.26720647773288,26.636971046770597,6900.0,2.6169208E7
7000.0,819.847733526,0.0055270416772173776,7000.0,76.37142857142857,54.22566533497537,-120.82777036048071,27.424308907415533,7000.0,2.617076E7
7100.0,832.073870252,0.005609820277935024,7100.0,76.70422535211267,54.71046072119563,-119.94680851063826,27.835951134380444,7100.0,2.6171656E7
7200.0,844.260500847,0.005692333516017761,7200.0,77.02777777777777,55.179677599887675,-119.65471447543159,28.242950108459848,7200.0,2.6172328E7
7300.0,856.435437874,0.005774776877101451,7300.0,77.24657534246575,55.527535641643475,-119.41875825627474,28.925973470261013,7300.0,2.617528E7
7400.0,868.7018445,0.0058578405950891034,7400.0,77.55405405405405,55.92432268527929,-119.41875825627473,28.925973470261034,7400.0,2.6175584E7
7500.0,880.966093811,0.005940891912759212,7500.0,77.82666666666667,56.26765422817888,-119.10408432147572,28.90123984608806,7500.0,2.617628E7
7600.0,893.223092284,0.006023895752540316,7600.0,78.11842105263158,56.63175145438113,-119.10408432147554,28.901239846088085,7600.0,2.6176792E7
7700.0,905.483744711,0.006106927584696491,7700.0,78.35064935064935,56.89464103124834,-119.63109354413713,28.730226592560925,7700.0,2.6177816E7
7800.0,917.728856743,0.006189855238270442,7800.0,78.62820512820512,57.23007342983194,-119.63109354413697,28.73022659256092,7800.0,2.6178152E7
7900.0,929.982807495,0.0062728443480999105,7900.0,78.89873417721519,57.55202779938789,-119.63109354413697,28.73022659256092,7900.0,2.6178656E7
8000.0,942.239286547,0.006355854081200847,8000.0,79.125,57.798755278077465,-120.02635046113296,28.601966652415577,8000.0,2.617976E7
8100.0,954.524636798,0.006439061486694568,8100.0,79.38271604938272,58.096657044417555,-120.02635046113299,28.601966652415584,8100.0,2.6180432E7
8200.0,966.808963357,0.006522263763911933,8200.0,79.63414634146342,58.38326743561487,-120.0263504611331,28.601966652415584,8200.0,2.6181E7
8300.0,979.083181925,0.006605399713101937,8300.0,79.87951807228916,58.65921647747415,-120.02635046113296,28.601966652415573,8300.0,2.6181672E7
8400.0,991.365741083,0.006688624184189107,8400.0,80.0952380952381,58.88485834087781,-120.28985507246388,28.51646002565201,8400.0,2.6191752E7
8500.0,1003.645987606,0.006771835374301524,8500.0,80.28235294117647,59.06176673046395,-120.81686429512509,28.345446772124827,8500.0,2.6192504E7
8600.0,1015.943487607,0.006855164874121304,8600.0,80.51162790697674,59.31001373515703,-120.81686429512517,28.34544677212486,8600.0,2.6192944E7
8700.0,1028.235569787,0.006938459366527709,8700.0,80.73563218390805,59.549663349401726,-120.81686429512519,28.345446772124856,8700.0,2.619348E7
8800.0,1040.526771271,0.007021750689271962,8800.0,80.93181818181819,59.77576810375097,-119.92136304062917,28.44349680170576,8800.0,2.619436E7
8900.0,1052.855788584,0.00710530120533233,8900.0,81.14606741573034,60.03421800129557,-119.34640522875814,28.626116546150566,8900.0,2.619528E7
9000.0,1065.190584152,0.007188895933687393,9000.0,81.31111111111112,60.175166130170545,-119.86928104575172,28.455976180348795,9000.0,2.6196864E7
9100.0,1077.514883386,0.007272425214775398,9100.0,81.47252747252747,60.310169765561824,-120.39215686274507,28.285835814546985,9100.0,2.6198648E7
9200.0,1089.847471707,0.007356013202889781,9200.0,81.59782608695653,60.38288977105526,-121.30718954248347,27.988090174393886,9200.0,2.619944E7
9300.0,1102.090584162,0.0074390014802575444,9300.0,81.58064516129032,60.3184922416947,-120.17994858611836,28.085642317380344,9300.0,2.6201568E7
9324.0,1105.722293135,0.007463618609677645,9324.0,81.61733161733162,60.368112259865825,-119.18158567774941,28.19438625890236,9324.0,2.6201656E7
