learning evaluation instances,evaluation time (cpu seconds),model cost (RAM-Hours),classified instances,classifications correct (percent),Kappa Statistic (percent),Kappa Temporal Statistic (percent),Kappa M Statistic (percent),model training instances,model serialized size (bytes)
100.0,0.751472418,5.985541368347903E-8,100.0,100.0,?,?,?,100.0,307888.0
200.0,1.209742565,9.890736966885005E-8,200.0,98.5,65.9863945578232,25.0,50.0,200.0,329400.0
300.0,1.449743022,1.193736568343743E-7,300.0,98.33333333333333,53.703703703703745,-25.00000000000063,16.666666666666483,300.0,329632.0
400.0,1.636242462,1.3527951934904897E-7,400.0,98.0,41.86046511627918,-100.0,-33.33333333333333,400.0,329672.0
500.0,1.808378012,1.4996176266258585E-7,500.0,97.39999999999999,30.28743028743022,-116.66666666666667,-62.5,500.0,329704.0
600.0,1.982609424,1.6483034421093556E-7,600.0,97.5,38.775510204081826,-87.50000000000053,-49.999999999999666,600.0,329872.0
700.0,2.191626308,1.8270898054734494E-7,700.0,96.57142857142857,43.68463395012074,-100.0,-9.090909090908834,700.0,330640.0
800.0,2.381912765,1.9901698144713419E-7,800.0,95.75,82.98638911128904,-161.53846153846166,72.1311475409836,800.0,331280.0
900.0,2.557484854,2.1406792310827725E-7,900.0,95.0,85.08485062754109,-60.714285714285964,77.61194029850745,900.0,331368.0
1000.0,2.717123419,2.2775263082748903E-7,1000.0,94.39999999999999,84.9535979708852,12.499999999999849,78.21011673151749,1000.0,331360.0
1100.0,2.876874349,2.414519301409275E-7,1100.0,89.63636363636364,73.29357895857736,-18.749999999999993,64.92307692307692,1100.0,331480.0
1200.0,3.043855557,2.5577436579883934E-7,1200.0,88.25,69.57491188952024,-20.51282051282052,60.724233983286894,1200.0,331552.0
1300.0,3.209209831,2.699579393068619E-7,1300.0,85.6923076923077,64.00446594715294,-48.80000000000004,55.60859188544151,1300.0,331568.0
1400.0,3.408344886,2.870465411289368E-7,1400.0,84.64285714285714,62.83712040772988,-48.27586206896557,55.02092050209204,1400.0,331712.0
1500.0,3.594057316,3.0298290769092333E-7,1500.0,82.6,58.69556043214044,-45.810055865921875,51.21495327102803,1500.0,331704.0
1600.0,3.761605414,3.173609022271841E-7,1600.0,81.25,56.31280034949759,-34.52914798206275,49.494949494949495,1600.0,331712.0
1700.0,3.891177534,3.2848082567814746E-7,1700.0,81.0,56.658394584627835,-34.58333333333324,50.535987748851475,1700.0,331736.0
1800.0,3.990476344,3.3700329988658024E-7,1800.0,81.22222222222221,57.632311977715865,-19.014084507042266,51.7142857142857,1800.0,331760.0
1900.0,4.091880166,3.4570560054741396E-7,1900.0,81.73684210526316,59.85488573286604,-14.900662251655609,54.81770833333335,1900.0,331728.0
2000.0,4.220174082,3.567155625781128E-7,2000.0,82.25,61.10185834502104,-6.287425149700569,56.06435643564357,2000.0,331728.0
2100.0,4.351417921,3.6797841027678934E-7,2100.0,82.80952380952381,63.16627214104972,2.695417789757403,59.070294784580504,2100.0,331720.0
2200.0,4.447394467,3.762139583278759E-7,2200.0,83.18181818181817,64.58544522708387,7.035175879396968,61.25654450261779,2200.0,331688.0
2300.0,4.543064137,3.8442257999135194E-7,2300.0,83.47826086956522,65.50213342069634,6.633906633906619,62.561576354679794,2300.0,331664.0
2400.0,4.636936363,3.924765893218233E-7,2400.0,83.75,66.2308424971859,9.512761020881674,63.48314606741573,2400.0,331648.0
2500.0,4.725987713,4.001171634843388E-7,2500.0,84.16,67.18333576419737,13.725490196078432,64.57960644007156,2500.0,331656.0
2600.0,4.845177311,4.103438352832882E-7,2600.0,84.53846153846155,68.51784470731114,12.418300653594779,66.99507389162562,2600.0,331664.0
2700.0,4.971373066,4.211711250104528E-7,2700.0,84.88888888888889,69.60593666468749,11.111111111111148,69.04400606980273,2700.0,331648.0
2800.0,5.089829369,4.3133389821016755E-7,2800.0,85.07142857142857,70.21998131369983,8.932461873638367,69.75397973950797,2800.0,331632.0
2900.0,5.239813189,4.4420183581578866E-7,2900.0,85.37931034482759,70.9819869315103,7.625272331154666,69.31982633863964,2900.0,331640.0
3000.0,5.363255378,4.547923653048216E-7,3000.0,85.7,71.68658212387153,6.535947712418305,68.95803183791605,3000.0,331632.0
3100.0,5.478734289,4.646989808283623E-7,3100.0,86.16129032258064,72.59660320689183,6.53594771241828,68.95803183791605,3100.0,331608.0
3200.0,5.619461153,4.7677271321754087E-7,3200.0,86.46875,73.1575660173546,6.4794816414687,68.80403458213257,3200.0,331640.0
3300.0,5.75391311,4.883075302656224E-7,3300.0,86.60606060606061,73.39784286525624,6.553911205074001,68.89514426460241,3300.0,331624.0
3400.0,5.892677488,5.002117414268211E-7,3400.0,86.82352941176471,73.72895358379364,6.079664570230619,68.60546601261387,3400.0,331608.0
3500.0,6.021681096,5.112786031987126E-7,3500.0,86.91428571428571,73.88073320350281,5.7613168724279875,68.88586956521738,3500.0,331608.0
3600.0,6.204619724,5.269724007614559E-7,3600.0,87.0,74.01599940777207,5.070993914807285,69.10891089108911,3600.0,331608.0
3700.0,6.372189664,5.413470675943814E-7,3700.0,87.1891891891892,74.37188617247963,4.62776659959754,69.63484945547725,3700.0,331592.0
3800.0,6.536177997,5.554134749468976E-7,3800.0,87.31578947368422,74.56722204248146,6.949806949806941,69.58990536277602,3800.0,331568.0
3900.0,6.716569466,5.708868921068416E-7,3900.0,87.58974358974359,75.12009601881994,9.532710280373768,70.43372021991446,3900.0,331568.0
4000.0,6.888017761,5.855917723936568E-7,4000.0,87.9,75.62525133311996,9.532710280373859,70.43372021991448,4000.0,331536.0
4100.0,7.052961326,5.99738068356719E-7,4100.0,88.14634146341463,76.0143697109374,9.497206703910622,70.49180327868852,4100.0,331520.0
4200.0,7.211571035,6.133411445732975E-7,4200.0,88.33333333333333,76.30927516051675,10.420475319926869,70.62350119904076,4200.0,331520.0
4300.0,7.312575776,6.220033436730692E-7,4300.0,88.60465116279069,76.72101008940369,10.583941605839392,70.65868263473052,4300.0,331504.0
4400.0,7.441906218,6.330955669972033E-7,4400.0,88.47727272727272,76.42492456567669,9.139784946236562,70.31615925058547,4400.0,331528.0
4500.0,7.573867542,6.444137050510676E-7,4500.0,88.53333333333333,76.4923272049377,8.021390374331554,70.3618609994256,4500.0,331536.0
4600.0,7.674568936,6.53050722663202E-7,4600.0,88.69565217391305,76.69201637249432,7.473309608540902,70.23468803663422,4600.0,331536.0
4700.0,7.771513002,6.613650782399027E-7,4700.0,88.72340425531915,76.7256948889028,6.194690265486712,70.3745108999441,4700.0,331520.0
4800.0,7.909172835,6.73171399631366E-7,4800.0,88.58333333333334,76.38230073239649,5.0259965337955395,69.80716253443528,4800.0,331520.0
4900.0,8.01270308,6.820504010338794E-7,4900.0,88.57142857142857,76.2488606983562,3.945111492281258,69.41561987984707,4900.0,331512.0
5000.0,8.118247899,6.911021771204618E-7,5000.0,88.6,76.15863591928202,3.5532994923857717,69.00489396411093,5000.0,331512.0
5100.0,8.231615196,7.008248276276848E-7,5100.0,88.72549019607843,76.29310693284138,3.035413153457005,68.95248380129588,5100.0,331512.0
5200.0,8.328772668,7.091568826219897E-7,5200.0,88.90384615384616,76.51807616645776,3.350083752093792,68.91163793103449,5200.0,331496.0
5300.0,8.428498903,7.177092302416868E-7,5300.0,89.0754716981132,76.72773106184704,3.980099502487542,68.90440386680987,5300.0,331496.0
5400.0,8.530593605,7.26464693451878E-7,5400.0,89.01851851851852,76.50372629680766,2.6272577996715776,68.52441613588111,5400.0,331496.0
5500.0,8.631358739,7.351057181459109E-7,5500.0,89.01818181818182,76.37555164011417,1.7886178861788633,68.17702845100105,5500.0,331480.0
5600.0,8.731642051,7.437054246216787E-7,5600.0,89.17857142857143,76.54215168523793,1.7828200972447659,68.10526315789474,5600.0,331480.0
5700.0,8.828499153,7.520113194977225E-7,5700.0,89.15789473684211,76.39498179265458,1.4354066985645575,67.86271450858034,5700.0,331480.0
5800.0,8.9172218,7.596200186417709E-7,5800.0,89.17241379310344,76.2942460439103,1.7214397496087714,67.61217122227951,5800.0,331496.0
5900.0,9.012701168,7.678077671606054E-7,5900.0,89.11864406779661,76.09611836756899,0.772797527047952,67.3614641586172,5900.0,331480.0
6000.0,9.100203814,7.753114789591648E-7,6000.0,89.13333333333333,76.04196330966313,0.7610350076103674,67.18671363865123,6000.0,331480.0
6100.0,9.184747411,7.825612651633017E-7,6100.0,88.95081967213115,75.6377795146162,-0.4470938897168956,66.74888998519978,6100.0,331472.0
6200.0,9.271112372,7.899672370523216E-7,6200.0,88.66129032258064,74.948271105389,-2.031930333817177,65.95641646489103,6200.0,331472.0
6300.0,9.387976816,7.99988601933039E-7,6300.0,88.5873015873016,74.73469674608195,-2.861230329041479,65.71292322365285,6300.0,331472.0
6400.0,9.552605843,8.141058774109807E-7,6400.0,88.671875,74.83604380958,-2.545968882602542,65.78574799433696,6400.0,331472.0
6500.0,9.669596555,8.241375857814279E-7,6500.0,88.6923076923077,74.861984269469,-2.941176470588262,65.89327146171694,6500.0,331456.0
6600.0,9.824115599,8.373872699707872E-7,6600.0,88.54545454545455,74.50815702190535,-4.709141274238207,65.47945205479454,6600.0,331456.0
6700.0,9.934261091,8.468320150721198E-7,6700.0,88.56716417910448,74.5220160024496,-4.7879616963064535,65.54206027890238,6700.0,331456.0
6800.0,10.106702846,8.616188910546093E-7,6800.0,88.55882352941177,74.3933002062224,-5.277401894451965,65.31431119037005,6800.0,331464.0
6900.0,10.284723958,8.768834598869439E-7,6900.0,88.72463768115942,74.59139727435678,-4.993252361673401,65.34521158129178,6900.0,331448.0
7000.0,10.471841743,8.929280305381287E-7,7000.0,88.62857142857142,74.33875550701266,-6.275033377837182,65.07240017551557,7000.0,331448.0
7100.0,10.643110411,9.0761360542381E-7,7100.0,88.71830985915493,74.41536055487505,-6.51595744680848,65.0523560209424,7100.0,331448.0
7200.0,10.828507464,9.235106304734596E-7,7200.0,88.75,74.35005403113617,-7.569721115537862,64.85900216919738,7200.0,331448.0
7300.0,11.007740984,9.388799001271177E-7,7300.0,88.67123287671232,74.14739194028638,-9.247027741083237,64.6127513906718,7300.0,331464.0
7400.0,11.198740527,9.552573153578907E-7,7400.0,88.82432432432432,74.31385532418989,-9.247027741083237,64.6127513906718,7400.0,331448.0
7500.0,11.296287309,9.636215455971206E-7,7500.0,88.94666666666666,74.42968007797559,-9.222661396574525,64.5575032064985,7500.0,331448.0
7600.0,11.436759565,9.756664564318834E-7,7600.0,89.09210526315789,74.58409307278977,-9.222661396574411,64.5575032064985,7600.0,331448.0
7700.0,11.536616092,9.84228944347588E-7,7700.0,89.20779220779221,74.67781259230625,-9.486166007905235,64.47199657973492,7700.0,331456.0
7800.0,11.634287381,9.926040526845103E-7,7800.0,89.34615384615384,74.8213550708683,-9.486166007905172,64.47199657973492,7800.0,331456.0
7900.0,11.730761964,1.0008765459899318E-6,7900.0,89.48101265822784,74.95970606328389,-9.486166007905164,64.47199657973492,7900.0,331456.0
8000.0,11.824581775,1.0089213981600978E-6,8000.0,89.53750000000001,74.93202896024526,-10.27667984189715,64.21547669944422,8000.0,331456.0
8100.0,11.91969931,1.0170775274435559E-6,8100.0,89.66666666666666,75.06186622887392,-10.276679841897257,64.2154766994442,8100.0,331456.0
8200.0,12.023863887,1.0260096371977594E-6,8200.0,89.79268292682927,75.18724709675536,-10.276679841897247,64.21547669944422,8200.0,331464.0
8300.0,12.117960769,1.0340784423689486E-6,8300.0,89.91566265060241,75.30839712823769,-10.276679841897158,64.21547669944422,8300.0,331464.0
8400.0,12.211139137,1.0420684849886539E-6,8400.0,90.01190476190476,75.37321412472456,-10.540184453228022,64.12997007268063,8400.0,331464.0
8500.0,12.307556468,1.0503362686009214E-6,8500.0,90.12941176470588,75.486826167001,-10.540184453227914,64.12997007268062,8500.0,331464.0
8600.0,12.432951528,1.0610888917172706E-6,8600.0,90.24418604651163,75.59678862748255,-10.540184453227901,64.12997007268065,8600.0,331464.0
8700.0,12.531327304,1.0695246119370813E-6,8700.0,90.35632183908045,75.7032745806582,-10.540184453227997,64.12997007268062,8700.0,331464.0
8800.0,12.632114332,1.0781670969528462E-6,8800.0,90.4659090909091,75.84486693607488,-9.960681520314584,64.22174840085289,8800.0,331464.0
8900.0,12.731425152,1.0866829971712088E-6,8900.0,90.57303370786516,75.98343416274876,-9.673202614379079,64.31305827307528,8900.0,331464.0
9000.0,12.825673023,1.0947647496452003E-6,9000.0,90.65555555555555,76.03028905020281,-9.93464052287586,64.22798809017439,9000.0,331464.0
9100.0,12.920218583,1.10287222461519E-6,9100.0,90.75824175824175,76.12498725621941,-9.93464052287583,64.22798809017438,9100.0,331472.0
9200.0,13.020819522,1.1114989607083494E-6,9200.0,90.82608695652173,76.14196294052394,-10.32679738562091,64.10038281582302,9200.0,331472.0
9300.0,13.11337021,1.1194353713278997E-6,9300.0,90.6989247311828,75.827394525768,-11.182519280205709,63.68597816960537,9300.0,331472.0
9324.0,13.142213126,1.1219087103142203E-6,9324.0,90.7014157014157,75.81926194187295,-10.869565217391319,63.678257226644305,9324.0,331472.0
