learning evaluation instances,evaluation time (cpu seconds),model cost (RAM-Hours),classified instances,classifications correct (percent),Kappa Statistic (percent),Kappa Temporal Statistic (percent),Kappa M Statistic (percent),model training instances,model serialized size (bytes)
100.0,0.346949177,4.720447563458648E-9,100.0,85.0,70.0,84.84848484848484,70.0,100.0,52592.0
200.0,0.409294115,5.568687104537255E-9,200.0,77.0,54.0,76.88442211055276,54.0,200.0,52592.0
300.0,0.442581452,6.021580897784895E-9,300.0,75.66666666666667,51.33333333333334,75.58528428093646,51.33333333333334,300.0,52592.0
400.0,0.475966485,6.475803902558982E-9,400.0,78.25,56.49999999999999,78.19548872180451,56.49999999999999,400.0,52592.0
500.0,0.503734663,6.853606292278402E-9,500.0,81.2,62.40000000000001,81.1623246492986,62.40000000000001,500.0,52592.0
600.0,0.531093712,7.22584224137995E-9,600.0,80.5,61.00000000000001,80.46744574290484,61.00000000000001,600.0,52592.0
700.0,0.558164469,7.594155808302263E-9,700.0,79.0,58.00000000000001,78.96995708154508,58.00000000000001,700.0,52592.0
800.0,0.586771767,7.98337491903454E-9,800.0,77.75,55.49999999999999,77.72215269086358,55.49999999999999,800.0,52592.0
900.0,0.61118177,8.315487363230851E-9,900.0,77.44444444444444,54.8888888888889,77.41935483870968,54.8888888888889,900.0,52592.0
1000.0,0.634957162,8.638965551613105E-9,1000.0,78.5,57.00000000000001,78.47847847847848,57.00000000000001,1000.0,52592.0
1100.0,0.65898907,8.965933791009916E-9,1100.0,78.63636363636364,57.27272727272727,78.6169244767971,57.27272727272727,1100.0,52592.0
1200.0,0.683487273,9.299246248068908E-9,1200.0,77.25,54.49999999999999,77.23102585487906,54.49999999999999,1200.0,52592.0
1300.0,0.707101767,9.620535324551164E-9,1300.0,76.76923076923077,53.53846153846153,76.75134719014626,53.53846153846153,1300.0,52592.0
1400.0,0.730717889,9.941846550930704E-9,1400.0,76.21428571428571,52.42857142857142,76.19728377412437,52.42857142857142,1400.0,52592.0
1500.0,0.751058779,1.0218596320073636E-8,1500.0,75.4,50.8,75.38358905937291,50.8,1500.0,52592.0
1600.0,0.770684773,1.0485619508768948E-8,1600.0,74.875,49.75000000000001,74.85928705440901,49.75000000000001,1600.0,52592.0
1700.0,0.789888295,1.0746894717485539E-8,1700.0,75.0,50.0,74.98528546203649,50.0,1700.0,52592.0
1800.0,0.807281087,1.098353387982067E-8,1800.0,75.55555555555556,51.11111111111111,75.5419677598666,51.11111111111111,1800.0,52592.0
1900.0,0.823600803,1.1205573212193945E-8,1900.0,76.36842105263158,52.73684210526315,76.35597682991047,52.73684210526315,1900.0,52592.0
2000.0,0.839686451,1.1424427911792364E-8,2000.0,77.2,54.400000000000006,77.18859429714858,54.400000000000006,2000.0,52592.0
2100.0,0.854961962,1.1632260221135285E-8,2100.0,77.85714285714286,55.714285714285715,77.84659361600762,55.714285714285715,2100.0,52592.0
2200.0,0.87106787,1.1851390569946831E-8,2200.0,78.22727272727272,56.454545454545446,78.21737153251478,56.454545454545446,2200.0,52592.0
2300.0,0.88802986,1.2082168417755099E-8,2300.0,78.26086956521739,56.52173913043479,78.25141365811223,56.52173913043479,2300.0,52592.0
2400.0,0.903824036,1.2297057469404405E-8,2400.0,77.08333333333334,54.16666666666667,77.07378074197582,54.16666666666667,2400.0,52592.0
2500.0,0.918879447,1.2501895188825825E-8,2500.0,77.44,54.879999999999995,77.43097238895558,54.879999999999995,2500.0,52592.0
2600.0,0.934864493,1.2719381139059034E-8,2600.0,77.6923076923077,55.38461538461539,77.6837245094267,55.38461538461539,2600.0,52592.0
2700.0,0.949531954,1.2918940570611092E-8,2700.0,77.18518518518519,54.37037037037038,77.17673212300853,54.37037037037038,2700.0,52592.0
2800.0,0.963600418,1.3110350295760564E-8,2800.0,76.21428571428571,52.42857142857142,76.20578778135048,52.42857142857142,2800.0,52592.0
2900.0,0.979170774,1.3322194144700963E-8,2900.0,75.3103448275862,50.62068965517241,75.30182821662642,50.62068965517241,2900.0,52592.0
3000.0,1.000513577,1.3612575529346035E-8,3000.0,74.46666666666667,48.93333333333334,74.45815271757252,48.93333333333334,3000.0,52592.0
3100.0,1.014400481,1.3801515023935999E-8,3100.0,73.67741935483872,47.35483870967742,73.66892545982576,47.35483870967742,3100.0,52592.0
3200.0,1.027952354,1.3985896224768625E-8,3200.0,72.9375,45.875,72.9290403251016,45.875,3200.0,52592.0
3300.0,1.041518219,1.4170467794988717E-8,3300.0,73.0,46.0,72.99181570172779,46.0,3300.0,52592.0
3400.0,1.055767498,1.436433761453463E-8,3400.0,73.52941176470588,47.058823529411775,73.52162400706091,47.058823529411775,3400.0,52592.0
3500.0,1.071841437,1.4583033006303012E-8,3500.0,74.08571428571429,48.17142857142858,74.07830808802515,48.17142857142858,3500.0,52592.0
3600.0,1.085027709,1.4762439990552762E-8,3600.0,74.55555555555556,49.11111111111111,74.54848569046956,49.11111111111111,3600.0,52592.0
3700.0,1.098363031,1.494387488769574E-8,3700.0,73.45945945945947,46.620900560382125,72.72979727853375,45.9251101321586,3700.0,52592.0
3800.0,1.111446579,1.512188425152252E-8,3800.0,71.52631578947368,43.20668148888114,69.95279089141904,42.569002123142255,3800.0,52592.0
3900.0,1.124483862,1.529926415281991E-8,3900.0,69.87179487179486,40.052463415323324,67.39733629300775,38.770192808754544,3900.0,52592.0
4000.0,1.138030017,1.548356755690028E-8,4000.0,70.0,40.45325493673529,66.72212978369384,38.4299640841457,4000.0,52592.0
4100.0,1.151164353,1.5662267921331025E-8,4100.0,69.6341463414634,39.276991136546286,65.47420965058237,39.238653001464115,4100.0,52592.0
4200.0,1.16444141,1.584291008888847E-8,4200.0,68.23809523809524,36.80942404408859,63.016357083448845,35.336888027144944,4200.0,52592.0
4300.0,1.17825735,1.6030884076530733E-8,4300.0,67.37209302325581,35.203738375574936,61.11419068736142,33.222275107091875,4300.0,52592.0
4400.0,1.191561575,1.6211895880703294E-8,4400.0,66.4090909090909,33.34913035742544,59.04682737600443,31.095571095571096,4400.0,52592.0
4500.0,1.204704263,1.6390709879005117E-8,4500.0,65.0,31.077491946155757,56.35910224438903,26.573426573426577,4500.0,52592.0
4600.0,1.217880855,1.6569985161162908E-8,4600.0,64.02173913043478,29.47961457872105,54.21853388658368,23.591874422899362,4600.0,52592.0
4700.0,1.231135081,1.6750316699540446E-8,4700.0,63.53191489361703,28.64178633814146,52.59955752212391,22.338015405527877,4700.0,52592.0
4800.0,1.244307109,1.692952988579455E-8,4800.0,64.29166666666667,29.943976980424647,52.61266242742605,24.526640246587412,4800.0,52592.0
4900.0,1.257196299,1.7104894894746438E-8,4900.0,65.0204081632653,31.70950495448819,52.61266242742605,24.526640246587412,4900.0,52592.0
5000.0,1.270604322,1.7287318931743498E-8,5000.0,65.72,33.3226691098942,52.61266242742604,24.526640246587416,5000.0,52592.0
5100.0,1.285209847,1.748603568759643E-8,5100.0,66.3921568627451,34.802376930480335,52.61266242742605,24.526640246587412,5100.0,52592.0
5200.0,1.29868907,1.7669428442459964E-8,5200.0,66.65384615384615,35.480288601345926,52.05971799834117,23.645970937912814,5200.0,52592.0
5300.0,1.312015243,1.785073886207822E-8,5300.0,67.28301886792453,36.73175329087546,52.072968490878935,24.01402278702891,5300.0,52592.0
5400.0,1.324444551,1.801984690600385E-8,5400.0,67.88888888888889,37.688036909636466,52.072968490878935,27.204030226700247,5400.0,52592.0
5500.0,1.336891036,1.8189188653114765E-8,5500.0,68.47272727272727,38.582588933531774,52.072968490878935,30.136986301369866,5500.0,52592.0
5600.0,1.350847106,1.8379069191805185E-8,5600.0,69.03571428571429,39.42119995982375,52.072968490878935,32.84275755228506,5600.0,52592.0
5700.0,1.363651075,1.855327471894108E-8,5700.0,68.6842105263158,38.77341016670097,50.67698259187621,32.1550741163056,5700.0,52592.0
5800.0,1.37601219,1.872145495700339E-8,5800.0,67.5,36.82201989242467,47.913788339320256,28.35423793234513,5800.0,52592.0
5900.0,1.388161364,1.888675161313679E-8,5900.0,66.35593220338983,34.98082985146883,45.1505940867643,24.553401748384655,5900.0,52592.0
6000.0,1.399872152,1.9046083769963842E-8,6000.0,65.25,33.243257088701625,42.387399834208345,20.752565564424167,6000.0,52592.0
6100.0,1.411490133,1.920415323298424E-8,6100.0,64.18032786885246,31.60304983122065,39.62420558165239,16.951729380463703,6100.0,52592.0
6200.0,1.422955516,1.936014651048514E-8,6200.0,64.29032258064517,31.698525727495685,38.83977900552487,18.060695780903043,6200.0,52592.0
6300.0,1.434194247,1.9513056054251883E-8,6300.0,64.85714285714286,32.443015958582954,38.83977900552487,20.985010706638125,6300.0,52592.0
6400.0,1.445985703,1.967348574665271E-8,6400.0,64.25,31.49094862897215,36.813035073184196,19.09476661951909,6400.0,52592.0
6500.0,1.457866164,1.983512640441457E-8,6500.0,63.26153846153846,30.023429212626073,34.05136702568351,15.55869872701554,6500.0,52592.0
6600.0,1.469435229,1.9992530336491758E-8,6600.0,63.030303030303024,29.62777972236533,32.633903920485906,15.159944367176628,6600.0,52592.0
6700.0,1.481076558,2.0150917462781066E-8,6700.0,63.582089552238806,30.823286672480755,32.65249792989236,15.159944367176639,6700.0,52592.0
6800.0,1.492917771,2.031202412842462E-8,6800.0,63.64705882352941,31.147425757668724,31.76925200110406,14.047287899860924,6800.0,52592.0
6900.0,1.504280034,2.0466614397689695E-8,6900.0,63.52173913043478,30.93251857357019,30.54635761589404,13.236814891416746,6900.0,52592.0
7000.0,1.518217941,2.065624781808505E-8,7000.0,63.114285714285714,30.09092511822926,28.792057363485934,12.711291413116971,7000.0,52592.0
7100.0,1.533967777,2.0870533597961892E-8,7100.0,62.95774647887325,29.867925751417502,27.568163040484727,12.274849899933288,7100.0,52592.0
7200.0,1.548794021,2.1072253365595305E-8,7200.0,63.125,30.167567152892694,26.919900908340207,12.77923784494087,7200.0,52592.0
7300.0,1.563109412,2.1267022677775884E-8,7300.0,63.301369863013704,30.489820940567448,26.27958172812328,13.244818652849737,7300.0,52592.0
7400.0,1.57689964,2.1454646838539174E-8,7400.0,63.7972972972973,31.136645853130133,26.279581728123276,15.966122961104142,7400.0,52592.0
7500.0,1.588199881,2.1608393262024554E-8,7500.0,64.28,31.75476509169878,26.27958172812329,18.52189781021899,7500.0,52592.0
7600.0,1.599136622,2.1757194054267472E-8,7600.0,63.69736842105264,30.868991325028368,24.099037138927102,16.596130592503027,7600.0,52592.0
7700.0,1.610409679,2.1910570623448326E-8,7700.0,62.870129870129865,29.66294395068664,21.348005502063266,13.573155985489722,7700.0,52592.0
7800.0,1.623375174,2.208697380679349E-8,7800.0,63.0,29.969360584187204,20.64888644487214,13.515133353311356,7800.0,52592.0
7900.0,1.634662674,2.2240546881482007E-8,7900.0,62.98734177215189,30.14115420787678,19.62616822429906,12.402636309167168,7900.0,52592.0
8000.0,1.645465854,2.238753049778442E-8,8000.0,63.3625,30.538958200496896,19.433754810335348,14.746945898778351,8000.0,52592.0
8100.0,1.656378506,2.253600354501771E-8,8100.0,63.81481481481481,31.0984453696934,19.433754810335337,17.156585641605425,8100.0,52592.0
8200.0,1.667238883,2.2683765360137658E-8,8200.0,63.74390243902439,30.930975853465085,18.30173124484748,17.324805339265843,8200.0,52592.0
8300.0,1.678123125,2.283185187261552E-8,8300.0,62.97590361445783,29.81874642020823,15.55372355042593,14.543937708565066,8300.0,52592.0
8400.0,1.688992129,2.297973106314325E-8,8400.0,62.22619047619048,28.753420628115705,12.805715856004394,11.763070077864299,8400.0,52592.0
8500.0,1.699695037,2.3125350419924494E-8,8500.0,61.49411764705882,27.73275919575019,10.05770816158284,8.982202447163498,8500.0,52592.0
8600.0,1.710511276,2.3272511711600756E-8,8600.0,60.77906976744186,26.754631069360464,7.309700467161309,6.201334816462737,8600.0,52592.0
8700.0,1.721781088,2.342584413064851E-8,8700.0,60.425287356321846,26.37614022710308,5.386095081066235,4.254727474972202,8700.0,52592.0
8800.0,1.732619709,2.3573309942595662E-8,8800.0,59.77272727272728,25.517158668966395,2.720527617477351,1.5572858731924595,8800.0,52592.0
8900.0,1.744085057,2.3729302743900982E-8,8900.0,59.1123595505618,24.657144189128953,0.0,-1.1957730812013327,8900.0,52592.0
9000.0,1.755403186,2.3883292544144725E-8,9000.0,58.699999999999996,24.194528627425374,-2.1434460016488157,-3.3648498331479515,9000.0,52592.0
9100.0,1.766400842,2.403292212078141E-8,9100.0,59.14285714285714,24.96554080750808,-2.1428571428571406,-2.6788180060756828,9100.0,52592.0
9200.0,1.77745622,2.4183337039169342E-8,9200.0,59.58695652173913,25.47022765945801,-2.1428571428571273,0.08062348830958413,9200.0,52592.0
9300.0,1.788996797,2.4340353375255238E-8,9300.0,60.02150537634409,25.95753231689236,-2.1428571428571512,2.695629416383153,9300.0,52592.0
9400.0,1.800217742,2.4493020930033596E-8,9400.0,60.40425531914894,26.339534600131316,-2.252747252747252,5.075235909206832,9400.0,52592.0
9500.0,1.811018887,2.4639976858964402E-8,9500.0,60.810526315789474,26.774104535817152,-2.2802197802197792,7.411091768216865,9500.0,52592.0
9600.0,1.821888731,2.4787867478186062E-8,9600.0,60.895833333333336,26.82053177275184,-2.177463255307559,8.192712154561022,9600.0,52592.0
9700.0,1.832821497,2.493661418821663E-8,9700.0,60.77319587628865,26.595795882276423,-2.0928360611752175,8.069582024643626,9700.0,52592.0
9800.0,1.843585462,2.508306426138514E-8,9800.0,60.6734693877551,26.399426554230708,-1.9307061623909105,8.041040324504872,9800.0,52592.0
9900.0,1.854379944,2.522992953628302E-8,9900.0,60.58585858585859,26.22654400640945,-1.7470664928292017,8.036766438840456,9900.0,52592.0
10000.0,1.865151876,2.5376488005171224E-8,10000.0,60.5,26.047082508727094,-1.5424164524421609,8.054003724394777,10000.0,52592.0
10100.0,1.875955065,2.5523471743923925E-8,10100.0,60.415841584158414,25.878368627311616,-1.3434727503168578,8.049678012879491,10100.0,52592.0
10200.0,1.887133639,2.5675562816332616E-8,10200.0,60.549019607843135,26.084302375942492,-0.7007007007007152,8.50386539336061,10200.0,52592.0
10300.0,1.898389538,2.5828705940834353E-8,10300.0,60.68932038834951,26.30863934359952,-0.04941932295527775,8.929374718848395,10300.0,52592.0
10400.0,1.909330791,2.5977568121490383E-8,10400.0,60.86538461538461,26.584574178562587,0.6832601268911583,9.475088967971512,10400.0,52592.0
10500.0,1.920132985,2.6124538322683014E-8,10500.0,60.96190476190476,26.739655515781624,1.2051096649795088,9.793133802816907,10500.0,52592.0
10600.0,1.930862351,2.6270517656111885E-8,10600.0,61.113207547169814,26.978566294310813,1.8571428571428652,10.27427078798433,10600.0,52592.0
10700.0,1.942294117,2.642605355456058E-8,10700.0,61.242990654205606,27.190728331296278,2.446483180428136,10.66350710900474,10700.0,52592.0
10800.0,1.953995724,2.658526079848409E-8,10800.0,61.23148148148149,27.14022096462174,2.7409988385598343,10.82002129925454,10800.0,52592.0
10900.0,1.966267346,2.6752223431658414E-8,10900.0,61.146788990825684,26.969400097164236,2.8000918062887132,10.785759427006521,10900.0,52592.0
11000.0,1.978819836,2.692300743912657E-8,11000.0,61.13636363636363,26.887237467267553,3.0832010881886167,11.067193675889332,11000.0,52592.0
11100.0,1.99045533,2.7081315176809827E-8,11100.0,61.14414414414414,26.82594668357349,3.4258844603672114,11.419182583692736,11100.0,52592.0
11200.0,2.001867695,2.7236587113245494E-8,11200.0,61.17857142857142,26.795261811535255,3.634751773049628,11.876773408998773,11200.0,52592.0
11300.0,2.013240336,2.739131858130296E-8,11300.0,61.318584070796454,26.88783573854589,3.955174686881994,12.771901816004789,11300.0,52592.0
11400.0,2.024678879,2.7546946684821613E-8,11400.0,61.35087719298246,26.85210813463964,4.466608846487417,13.199369582348297,11400.0,52592.0
11500.0,2.035783213,2.769802767837627E-8,11500.0,61.38260869565217,26.8072419348163,4.985023534445883,13.63282769350448,11500.0,52592.0
11600.0,2.04685583,2.7848677143495944E-8,11600.0,61.41379310344828,26.768536128966463,5.489864864864863,14.038793931246394,11600.0,52592.0
11700.0,2.058081931,2.8001414848686094E-8,11700.0,61.470085470085465,26.758207936502114,5.965790571547753,14.540284360189556,11700.0,52592.0
11800.0,2.069061548,2.8150798994120626E-8,11800.0,61.78813559322034,27.056003657961913,5.984153461217689,16.080402010050243,11800.0,52592.0
11900.0,2.080203522,2.8302392102008065E-8,11900.0,61.798319327731086,27.089536411645142,6.132562461284312,16.07901052242937,11900.0,52592.0
12000.0,2.091821867,2.84604665174625E-8,12000.0,61.86666666666667,27.221410964676547,6.440400736045798,16.22116440864154,12000.0,52592.0
12100.0,2.102773534,2.860947038671209E-8,12100.0,61.925619834710744,27.336351249247926,6.703118671526943,16.342836390049023,12100.0,52592.0
12200.0,2.113528309,2.8755795424526766E-8,12200.0,62.016393442622956,27.507901455122308,7.04112337011034,16.53458213256485,12200.0,52592.0
12300.0,2.124594056,2.8906351419256795E-8,12300.0,62.10569105691057,27.676661036249133,7.372813990461048,16.723244595318935,12300.0,52592.0
12400.0,2.135887428,2.9060004385958118E-8,12400.0,62.10483870967742,27.684386223530304,7.427107959022853,16.713931230060265,12400.0,52592.0
12500.0,2.146762444,2.920796537328098E-8,12500.0,62.007999999999996,27.495938795470003,7.354662504877088,16.56711173576949,12500.0,52592.0
12600.0,2.157613516,2.9355600588404473E-8,12600.0,61.91269841269841,27.310101827454762,7.2836166924265795,16.422849181469864,12600.0,52592.0
12700.0,2.168487313,2.9503544990515545E-8,12700.0,61.83464566929134,27.144924280638254,7.2876817138485155,16.344494304452894,12700.0,52592.0
12800.0,2.179334114,2.9651122096172638E-8,12800.0,61.71093749999999,26.92818739393819,7.142857142857135,16.078767123287673,12800.0,52592.0
12900.0,2.190506325,2.9803126596224804E-8,12900.0,61.643410852713174,26.776513750219227,7.201800450112522,16.035974885457314,12900.0,52592.0
13000.0,2.201380668,2.995107842698693E-8,13000.0,61.57692307692307,26.62653497266237,7.242339832869062,15.993945509586268,13000.0,52592.0
13100.0,2.212163212,3.0097781278375124E-8,13100.0,61.51908396946565,26.486805093356725,7.300478116954771,15.98333333333333,13100.0,52592.0
13200.0,2.222956096,3.024462481154336E-8,13200.0,61.189393939393945,26.044307709644382,6.223686619073769,14.872050515121316,13200.0,52592.0
13300.0,2.233866863,3.039307221224325E-8,13300.0,60.81954887218045,25.568015843013264,4.787136853645172,13.567755846740761,13300.0,52592.0
13400.0,2.244648423,3.0539761675732836E-8,13400.0,60.753731343283576,25.447476369368072,5.396654074473815,13.446346280447663,13400.0,52592.0
13500.0,2.25577497,3.069114489021401E-8,13500.0,60.696296296296296,25.318557311040184,6.0219624512929535,13.413838120104435,13500.0,52592.0
13600.0,2.266585217,3.083822465720691E-8,13600.0,60.654411764705884,25.201933483192047,5.241721267929867,13.456251010836162,13600.0,52592.0
13700.0,2.277975502,3.0993196182259264E-8,13700.0,60.21167883211679,24.655042624720167,3.4708694882238453,11.838913148956824,13700.0,52592.0
13800.0,2.289127591,3.114492691066945E-8,13800.0,60.13768115942029,24.50694093649508,2.6199327314568874,11.743943526391778,13800.0,52592.0
13900.0,2.300089111,3.129406483577772E-8,13900.0,60.352517985611506,24.66599879603908,2.4601769911504445,12.842005377194365,13900.0,52592.0
13910.0,2.302438914,3.132603528730572E-8,13910.0,60.38102084831056,24.689338403714785,2.4601769911504383,12.979630506868766,13910.0,52592.0
