learning evaluation instances,evaluation time (cpu seconds),model cost (RAM-Hours),classified instances,classifications correct (percent),Kappa Statistic (percent),Kappa Temporal Statistic (percent),Kappa M Statistic (percent),model training instances,model serialized size (bytes)
100.0,0.357788626,4.9153154496269094E-9,100.0,82.0,63.99999999999999,81.81818181818181,63.99999999999999,100.0,53104.0
200.0,0.431655026,5.930095212716195E-9,200.0,82.5,64.99999999999999,82.41206030150752,64.99999999999999,200.0,53104.0
300.0,0.487994167,6.704084741874701E-9,300.0,83.0,65.99999999999999,82.94314381270902,65.99999999999999,300.0,53104.0
400.0,0.542950377,7.459075505795578E-9,400.0,84.25,68.5,84.21052631578948,68.5,400.0,53104.0
500.0,0.586702697,8.06014674961153E-9,500.0,85.8,71.6,85.77154308617234,71.6,500.0,53104.0
600.0,0.623568896,8.566616168551974E-9,600.0,85.5,71.0,85.47579298831386,71.0,600.0,53104.0
700.0,0.655417241,9.004150094584457E-9,700.0,85.85714285714286,71.71428571428571,85.83690987124463,71.71428571428571,700.0,53104.0
800.0,0.685264194,9.414188811704516E-9,800.0,86.75,73.50000000000001,86.73341677096371,73.50000000000001,800.0,53104.0
900.0,0.714920003,9.821601584375732E-9,900.0,86.44444444444444,72.88888888888889,86.4293659621802,72.88888888888889,900.0,53104.0
1000.0,0.743804021,1.0218411459272933E-8,1000.0,86.9,73.8,86.88688688688688,73.8,1000.0,53104.0
1100.0,0.771475828,1.0598567927595641E-8,1100.0,87.63636363636364,75.27272727272727,87.62511373976342,75.27272727272727,1100.0,53104.0
1200.0,0.806267867,1.1076542447726758E-8,1200.0,88.08333333333334,76.16666666666667,88.07339449541286,76.16666666666667,1200.0,53104.0
1300.0,0.83505774,1.1472058954586584E-8,1300.0,89.0,78.0,88.99153194765204,78.0,1300.0,53104.0
1400.0,0.858618939,1.1795743714359898E-8,1400.0,87.92857142857143,75.85714285714286,87.91994281629736,75.85714285714286,1400.0,53104.0
1500.0,0.880533216,1.2096802989244459E-8,1500.0,86.66666666666667,73.33333333333334,86.6577718478986,73.33333333333334,1500.0,53104.0
1600.0,0.901261116,1.2381563766151665E-8,1600.0,85.6875,71.37500000000001,85.67854909318325,71.37500000000001,1600.0,53104.0
1700.0,0.925583687,1.2715708287031285E-8,1700.0,85.1764705882353,70.3529411764706,85.167745732784,70.3529411764706,1700.0,53104.0
1800.0,0.947939564,1.3022834281606806E-8,1800.0,85.0,70.0,84.99166203446359,70.0,1800.0,53104.0
1900.0,0.967728161,1.3294690873718095E-8,1900.0,84.94736842105263,69.89473684210526,84.93944181147972,69.89473684210526,1900.0,53104.0
2000.0,0.991700318,1.362402139207555E-8,2000.0,85.05,70.10000000000001,85.04252126063032,70.10000000000001,2000.0,53104.0
2100.0,1.011407442,1.3894758704627552E-8,2100.0,85.23809523809524,70.47619047619047,85.23106241067174,70.47619047619047,2100.0,53104.0
2200.0,1.030679136,1.4159514061212538E-8,2200.0,85.36363636363636,70.72727272727273,85.35698044565711,70.72727272727273,2200.0,53104.0
2300.0,1.049412771,1.44168775402382E-8,2300.0,85.26086956521739,70.52173913043478,85.25445846020008,70.52173913043478,2300.0,53104.0
2400.0,1.070596153,1.4707895748346214E-8,2400.0,84.75,69.5,84.74364318466027,69.5,2400.0,53104.0
2500.0,1.099261431,1.510170056376606E-8,2500.0,84.96000000000001,69.92,84.95398159263706,69.92,2500.0,53104.0
2600.0,1.120397031,1.5392062340714036E-8,2600.0,85.03846153846155,70.07692307692308,85.0327048864948,70.07692307692308,2600.0,53104.0
2700.0,1.137320977,1.5624564234842028E-8,2700.0,84.77777777777777,69.55555555555554,84.77213782882549,69.55555555555554,2700.0,53104.0
2800.0,1.155220819,1.5870473029965327E-8,2800.0,84.35714285714285,68.71428571428571,84.35155412647374,68.71428571428571,2800.0,53104.0
2900.0,1.171977433,1.6100676109919117E-8,2900.0,84.03448275862068,68.06896551724138,84.02897550879614,68.06896551724138,2900.0,53104.0
3000.0,1.187850825,1.6318745448254048E-8,3000.0,83.73333333333333,67.46666666666667,83.72790930310103,67.46666666666667,3000.0,53104.0
3100.0,1.203762766,1.6537344374400046E-8,3100.0,83.48387096774194,66.96774193548387,83.47854146498871,66.96774193548387,3100.0,53104.0
3200.0,1.219492625,1.675344185024086E-8,3200.0,83.21875,66.4375,83.21350422006877,66.4375,3200.0,53104.0
3300.0,1.235114072,1.6968049957387976E-8,3300.0,83.12121212121212,66.24242424242424,83.11609578660199,66.24242424242424,3300.0,53104.0
3400.0,1.250899357,1.7184908877987828E-8,3400.0,83.1470588235294,66.29411764705881,83.14210061782877,66.29411764705881,3400.0,53104.0
3500.0,1.266730995,1.7402404598084586E-8,3500.0,83.42857142857143,66.85714285714286,83.42383538153759,66.85714285714286,3500.0,53104.0
3600.0,1.282071603,1.761315452703585E-8,3600.0,83.63888888888889,67.27777777777777,83.63434287302027,67.27777777777777,3600.0,53104.0
3700.0,1.297648438,1.7827149752618535E-8,3700.0,82.72972972972973,65.31300890538577,82.25492918633714,64.81277533039648,3700.0,53104.0
3800.0,1.312350722,1.8029130359151294E-8,3800.0,81.73684210526316,63.54316427418107,80.72757567342406,63.163481953290876,3800.0,53104.0
3900.0,1.327384211,1.8235661074142488E-8,3900.0,80.6923076923077,61.51888689249452,79.10654827968924,60.76081292339761,3900.0,53104.0
4000.0,1.3424249,1.8442290703041684E-8,4000.0,80.85,61.90158822132392,78.75762617859124,60.69779374037968,4000.0,53104.0
4100.0,1.357607186,1.865086559758418E-8,4100.0,80.65853658536585,61.32110442742673,78.00887409872436,61.29819424109323,4100.0,53104.0
4200.0,1.372439969,1.8854639004961482E-8,4200.0,80.0952380952381,60.33037234677167,76.8228444690879,59.47649054774601,4200.0,53104.0
4300.0,1.387967457,1.906795629934718E-8,4300.0,79.67441860465117,59.53288924532316,75.77605321507761,58.4007615421228,4300.0,53104.0
4400.0,1.403083451,1.9275620471557805E-8,4400.0,79.31818181818183,58.832944830388456,74.78525907453589,57.57575757575758,4400.0,53104.0
4500.0,1.418366856,1.948558454324801E-8,4500.0,78.95555555555556,58.26690378912816,73.76004433361042,55.85081585081585,4500.0,53104.0
4600.0,1.433110965,1.9688139743419978E-8,4600.0,79.13043478260869,58.663072400842374,73.44398340248962,55.67867036011081,4600.0,53104.0
4700.0,1.449038533,1.9906953353960473E-8,4700.0,77.85106382978724,56.169834612276794,71.21128318584071,52.8318985047576,4700.0,53104.0
4800.0,1.46421777,2.0115486361210538E-8,4800.0,78.3125,57.034603447137286,71.21924246613214,54.161162483487445,4800.0,53104.0
4900.0,1.4806269,2.0340915691107505E-8,4900.0,78.75510204081633,57.982438769797895,71.21924246613216,54.16116248348746,4900.0,53104.0
5000.0,1.496331618,2.0556667778814826E-8,5000.0,79.17999999999999,58.853833004585596,71.21924246613214,54.161162483487445,5000.0,53104.0
5100.0,1.511889832,2.0770407188302936E-8,5100.0,79.58823529411765,59.65767495807791,71.21924246613216,54.16116248348746,5100.0,53104.0
5200.0,1.526952355,2.0977336773628157E-8,5200.0,79.57692307692308,59.64337912890968,70.63865081559304,53.23645970937913,5200.0,53104.0
5300.0,1.541326689,2.1174811989031726E-8,5300.0,79.20754716981132,58.90688341715516,69.5411829740188,51.70902716914987,5300.0,53104.0
5400.0,1.555671589,2.1371882838884156E-8,5400.0,79.07407407407408,58.60001001415688,68.767274737424,52.56087321578505,5400.0,53104.0
5500.0,1.570046,2.156935911211702E-8,5500.0,79.38181818181819,59.19154638848785,68.65671641791045,54.31103948428687,5500.0,53104.0
5600.0,1.585741357,2.1784982598005893E-8,5600.0,79.625,59.62991136978789,68.46323935876174,55.80945003872967,5600.0,53104.0
5700.0,1.599661171,2.197621359820581E-8,5700.0,79.98245614035088,60.325884455154835,68.47195357833655,56.632459141011026,5700.0,53104.0
5800.0,1.614653358,2.2182176904554167E-8,5800.0,80.32758620689656,61.01421251042126,68.47195357833655,56.632459141011026,5800.0,53104.0
5900.0,1.629725225,2.238923485815111E-8,5900.0,79.33898305084746,59.15114162792931,66.3166620613429,53.66780691752185,5900.0,53104.0
6000.0,1.643646565,2.2580486822604302E-8,6000.0,79.05,58.616103175509,65.26664824537166,52.223489167616876,6000.0,53104.0
6100.0,1.657716885,2.2773785480670628E-8,6100.0,79.39344262295081,59.253764179107634,65.26664824537164,52.22348916761687,6100.0,53104.0
6200.0,1.67552984,2.3018500618471038E-8,6200.0,79.7258064516129,59.90872849133686,65.27624309392264,53.478904515173944,6200.0,53104.0
6300.0,1.690192054,2.3219930741629666E-8,6300.0,80.04761904761905,60.54504643558714,65.27624309392266,55.13918629550321,6300.0,53104.0
6400.0,1.70429103,2.3413623077049852E-8,6400.0,79.375,59.288375452933685,63.54598177299088,53.32390381895331,6400.0,53104.0
6500.0,1.720226227,2.3632541495118703E-8,6500.0,78.15384615384615,57.01864962189915,60.7843137254902,49.78783592644977,6500.0,53104.0
6600.0,1.735365666,2.384052775574227E-8,6600.0,77.6969696969697,56.185319430181856,59.359469906129206,48.81780250347706,6600.0,53104.0
6700.0,1.749429001,2.403373045357979E-8,6700.0,78.02985074626866,56.815057981161765,59.370687275738355,48.81780250347706,6700.0,53104.0
6800.0,1.764486389,2.4240589494055342E-8,6800.0,77.55882352941177,55.95263048557803,57.880209770908095,46.94019471488179,6800.0,53104.0
6900.0,1.778657874,2.443527796121935E-8,6900.0,77.23188405797102,55.29731682452962,56.65011037527593,45.84625991037572,6900.0,53104.0
7000.0,1.794315961,2.465038943025387E-8,7000.0,77.15714285714286,55.08003723625323,55.901820187534476,45.94320486815416,7000.0,53104.0
7100.0,1.816392722,2.4953680917281244E-8,7100.0,76.97183098591549,54.74305705435215,54.97108234646103,45.46364242828551,7100.0,53104.0
7200.0,1.832543549,2.517556166951441E-8,7200.0,77.0,54.81464385721774,54.41783649876135,45.59789750328516,7200.0,53104.0
7300.0,1.847371825,2.537927315953291E-8,7300.0,77.16438356164383,55.13360409028923,54.12768299394606,46.01683937823833,7300.0,53104.0
7400.0,1.861665561,2.5575641116164624E-8,7400.0,77.47297297297297,55.73246588229755,54.12768299394607,47.71016311166877,7400.0,53104.0
7500.0,1.875124485,2.5760540389828382E-8,7500.0,77.77333333333334,56.30020190163067,54.12768299394608,49.30048661800488,7500.0,53104.0
7600.0,1.888609812,2.594580238903562E-8,7600.0,77.78947368421053,56.343436082751744,53.56258596973865,48.97218863361548,7600.0,53104.0
7700.0,1.903816369,2.615471071961439E-8,7700.0,76.92207792207793,54.758939398688575,51.11416781292986,46.28174123337365,7700.0,53104.0
7800.0,1.91684088,2.633364200890064E-8,7800.0,76.8974358974359,54.72827301096987,50.45367060764365,45.99940065927479,7800.0,53104.0
7900.0,1.929578884,2.6508637252764567E-8,7900.0,76.73417721518987,54.440699833924185,49.47773501924134,44.937088076692625,7900.0,53104.0
8000.0,1.942086484,2.668046719662017E-8,8000.0,76.875,54.676477943399874,49.14788345244641,46.18964514252473,8000.0,53104.0
8100.0,1.954736427,2.6854252654698987E-8,8100.0,77.1604938271605,55.204372985878294,49.147883452446386,47.71057094403618,8100.0,53104.0
8200.0,1.967940614,2.7035652340559496E-8,8200.0,77.26829268292683,55.410510188036795,48.77713657598241,48.16462736373748,8200.0,53104.0
8300.0,1.98082753,2.7212693343849645E-8,8300.0,76.33734939759036,53.72228545115889,46.02912888156086,45.383759733036705,8300.0,53104.0
8400.0,1.993797755,2.7390878849745624E-8,8400.0,75.42857142857143,52.093544913545074,43.28112118713933,42.602892102335936,8400.0,53104.0
8500.0,2.006834185,2.756997388276375E-8,8500.0,74.54117647058823,50.522281247234446,40.53311349271777,39.82202447163514,8500.0,53104.0
8600.0,2.020189847,2.775345453865412E-8,8600.0,73.70930232558139,49.068456127197315,37.867546029128874,37.12458286985539,8600.0,53104.0
8700.0,2.033469443,2.7935890196582507E-8,8700.0,73.2183908045977,48.23111615613624,35.971420719978006,35.20578420467185,8700.0,53104.0
8800.0,2.046647027,2.811692440929098E-8,8800.0,72.42045454545455,46.864118173150295,33.305853256389135,32.50834260289212,8800.0,53104.0
8900.0,2.06088533,2.8312530824997358E-8,8900.0,71.61797752808988,45.50584803642502,30.585325638911776,29.755283648498317,8900.0,53104.0
9000.0,2.07438595,2.8498002920092807E-8,9000.0,71.05555555555556,44.57286423607152,28.41439956031878,27.55839822024473,9000.0,53104.0
9100.0,2.087752919,2.8681638912032875E-8,9100.0,71.32967032967032,45.0604656759521,28.324175824175818,27.94808064070697,9100.0,53104.0
9200.0,2.1011066,2.8865092352860503E-8,9200.0,71.64130434782608,45.59643154222924,28.32417582417583,29.884439666756236,9200.0,53104.0
9300.0,2.114645475,2.905108999678244E-8,9300.0,71.94623655913979,46.1108445936942,28.324175824175825,31.7194451714211,9300.0,53104.0
9400.0,2.127751252,2.9231137721853124E-8,9400.0,72.22340425531914,46.560427081113346,28.269230769230763,33.40984442744197,9400.0,53104.0
9500.0,2.14101714,2.9413385058691105E-8,9500.0,72.51578947368421,47.036151176498024,28.26923076923078,35.06590400397912,9500.0,53104.0
9600.0,2.154521129,2.9598903437252676E-8,9600.0,72.63541666666666,47.227206012522736,28.49755035383777,35.75446319393494,9600.0,53104.0
9700.0,2.167985645,2.978387953405165E-8,9700.0,72.73195876288659,47.39931417062251,29.031392540917622,36.095675283884994,9700.0,53104.0
9800.0,2.180923361,2.9961618429914945E-8,9800.0,72.83673469387755,47.57790451155232,29.595345146786556,36.48293963254592,9800.0,53104.0
9900.0,2.19948886,3.021667204938001E-8,9900.0,72.95959595959596,47.79783908900519,30.195567144719682,36.90784822059863,9900.0,53104.0
10000.0,2.21658738,3.0451572248588006E-8,10000.0,73.07000000000001,47.991498492970145,30.771208226221088,37.31378026070764,10000.0,53104.0
10100.0,2.233526223,3.068427879833927E-8,10100.0,73.21782178217822,48.256197589525364,31.432192648922687,37.787488500459986,10100.0,53104.0
10200.0,2.250597933,3.0918810680620374E-8,10200.0,73.25490196078431,48.32451157827263,31.73173173173172,37.971805366075486,10200.0,53104.0
10300.0,2.265696131,3.112623037062172E-8,10300.0,73.2621359223301,48.34127415678551,31.94959229058562,38.05668016194332,10300.0,53104.0
10400.0,2.279226684,3.131211368655165E-8,10400.0,73.28846153846153,48.38709124193722,32.2108345534407,38.21174377224199,10400.0,53104.0
10500.0,2.292706485,3.1497299769334496E-8,10500.0,73.26666666666667,48.35114805601176,32.345143408050134,38.22623239436621,10500.0,53104.0
10600.0,2.306940003,3.1692840448506176E-8,10600.0,73.29245283018868,48.39804656601438,32.5952380952381,38.37614279494994,10600.0,53104.0
10700.0,2.320631673,3.188093719667445E-8,10700.0,73.30841121495327,48.429490045095335,32.815808045165845,38.47479534683326,10700.0,53104.0
10800.0,2.333676303,3.206014488164336E-8,10800.0,73.18518518518519,48.203607411537014,32.72938443670152,38.31735889243877,10800.0,53104.0
10900.0,2.346418882,3.2235202977052996E-8,10900.0,72.99082568807339,47.850164911892485,32.43057149414733,37.981883294712446,10900.0,53104.0
11000.0,2.361255631,3.243903086950796E-8,11000.0,72.87272727272727,47.62184272561481,32.35094082974384,37.923861035989205,11000.0,53104.0
11100.0,2.374220236,3.261713916760352E-8,11100.0,72.77477477477477,47.42515841007505,32.333184057321986,37.933867323885806,11100.0,53104.0
11200.0,2.386757204,3.2789372570299444E-8,11200.0,72.70535714285714,47.27344462482778,32.2473404255319,38.042156465342515,11200.0,53104.0
11300.0,2.399759609,3.296800016641203E-8,11300.0,72.7433628318584,47.29431000249929,32.32256646890793,38.53522251047695,11300.0,53104.0
11400.0,2.412620747,3.314468703043544E-8,11400.0,72.67543859649123,47.14086106854086,32.45880312228967,38.63278171788809,11400.0,53104.0
11500.0,2.425395169,3.3320182586341275E-8,11500.0,72.60869565217392,46.983985138831706,32.6059050064185,38.73978996499417,11500.0,53104.0
11600.0,2.438300743,3.349747991403359E-8,11600.0,72.54310344827586,46.831229953419395,32.749155405405396,38.83234107931629,11600.0,53104.0
11700.0,2.450882472,3.3670328245262316E-8,11700.0,72.50427350427351,46.719878510978106,32.89528577388403,39.014218009478675,11700.0,53104.0
11800.0,2.463067242,3.383772313676776E-8,11800.0,72.72881355932203,47.02964009996467,32.90241868223521,40.10794714312303,11800.0,53104.0
11900.0,2.475650502,3.401059250093998E-8,11900.0,72.6470588235294,46.88642227477962,32.789593227338415,39.911390068303476,11900.0,53104.0
12000.0,2.488125422,3.418197348555758E-8,12000.0,72.625,46.851454263937136,32.835820895522374,39.857195166605635,12000.0,53104.0
12100.0,2.502423635,3.4378402947406816E-8,12100.0,72.59504132231405,46.80180800347225,32.8473066018631,39.78572725621935,12100.0,53104.0
12200.0,2.515153026,3.455327986550829E-8,12200.0,72.59836065573771,46.81360487554952,32.938816449348046,39.78746397694525,12200.0,53104.0
12300.0,2.52771953,3.472591903503571E-8,12300.0,72.60162601626017,46.82521478503025,33.02861685214627,39.789172771127404,12300.0,53104.0
12400.0,2.541262724,3.491197601356441E-8,12400.0,72.5725806451613,46.77703499557228,32.998423955870756,39.71995746189293,12400.0,53104.0
12500.0,2.554836178,3.509844870526759E-8,12500.0,72.456,46.556527975284226,32.83261802575107,39.51159522136331,12500.0,53104.0
12600.0,2.567988491,3.5279135743897006E-8,12600.0,72.31746031746032,46.295276120815195,32.61205564142195,39.25461511668408,12600.0,53104.0
12700.0,2.580400563,3.544965332000207E-8,12700.0,72.34645669291339,46.339226837990125,32.82325937260902,39.38557128063514,12700.0,53104.0
12800.0,2.593030412,3.562316272584929E-8,12800.0,72.390625,46.42419724828502,33.0428192497158,39.486301369863014,12800.0,53104.0
12900.0,2.60615407,3.5803456100862896E-8,12900.0,72.48062015503875,46.579047984158414,33.42085521380344,39.7590361445783,12900.0,53104.0
13000.0,2.618829865,3.597759671482362E-8,13000.0,72.55384615384615,46.70308163140507,33.74187558031569,39.99327278842921,13000.0,53104.0
13100.0,2.631209935,3.614767464608369E-8,13100.0,72.64122137404581,46.85146336541637,34.093416697315206,40.26666666666667,13100.0,53104.0
13200.0,2.643521571,3.631681242812425E-8,13200.0,72.32575757575758,46.32947555337418,33.131978766245645,39.29877035559987,13200.0,53104.0
13300.0,2.656331678,3.6492798226086636E-8,13300.0,71.87218045112782,45.57046577529157,31.646263475242105,37.949908774257764,13300.0,53104.0
13400.0,2.668899583,3.666545664261199E-8,13400.0,71.73134328358209,45.3123109509126,31.858247886310497,37.65635286372615,13400.0,53104.0
13500.0,2.68148426,3.683834547359083E-8,13500.0,71.6,45.056425360142654,32.093517534537725,37.434725848563964,13500.0,53104.0
13600.0,2.694573841,3.701817069732067E-8,13600.0,71.47794117647058,44.815107219017136,31.308659465202744,37.26346433770013,13600.0,53104.0
13700.0,2.707354855,3.71937568144045E-8,13700.0,70.95620437956205,43.96363873653751,29.53780768549674,35.646126475820815,13700.0,53104.0
13800.0,2.719884343,3.736588745654044E-8,13800.0,70.80434782608695,43.679932668993935,28.677642060541686,35.360179688753405,13800.0,53104.0
13900.0,2.732431093,3.7538255244770823E-8,13900.0,70.94244604316546,43.8349329807945,28.513274336283178,36.122093942748684,13900.0,53104.0
13910.0,2.735017781,3.75737912751693E-8,13910.0,70.96333572969087,43.861061465736114,28.51327433628319,36.22295910311068,13910.0,53104.0
