learning evaluation instances,evaluation time (cpu seconds),model cost (RAM-Hours),classified instances,classifications correct (percent),Kappa Statistic (percent),Kappa Temporal Statistic (percent),Kappa M Statistic (percent),model training instances,model serialized size (bytes)
100.0,6.713502257,3.188991173422792E-5,100.0,52.0,4.0000000000000036,51.515151515151516,4.0000000000000036,100.0,1.8361432E7
200.0,13.669258025,6.496356492352465E-5,200.0,55.00000000000001,10.000000000000009,54.773869346733676,10.000000000000009,200.0,1.8379776E7
300.0,20.559094091,9.774227331938896E-5,300.0,58.333333333333336,16.666666666666675,58.19397993311037,16.666666666666675,300.0,1.8390152E7
400.0,27.577937072,1.311566435461781E-4,400.0,61.25000000000001,22.500000000000007,61.15288220551379,22.500000000000007,400.0,1.8402216E7
500.0,34.765595218,1.6540027252722025E-4,500.0,63.0,26.0,62.925851703406806,26.0,500.0,1.8415976E7
600.0,42.176752565,2.0072161699101265E-4,600.0,63.66666666666667,27.333333333333343,63.60601001669449,27.333333333333343,600.0,1.8422712E7
700.0,49.763024316,2.3689464917946528E-4,700.0,65.0,30.000000000000004,64.94992846924178,30.000000000000004,700.0,1.8431424E7
800.0,57.256468606,2.7265252488275853E-4,800.0,65.5,31.000000000000007,65.45682102628285,31.000000000000007,800.0,1.8445592E7
900.0,65.003340991,3.096333590571411E-4,900.0,66.22222222222223,32.44444444444446,66.18464961067853,32.44444444444446,900.0,1.8452392E7
1000.0,72.706364777,3.464261105379818E-4,1000.0,66.8,33.60000000000001,66.76676676676678,33.60000000000001,1000.0,1.8463048E7
1100.0,80.693233833,3.84586175862132E-4,1100.0,67.0,34.00000000000001,66.96997270245679,34.00000000000001,1100.0,1.846864E7
1200.0,89.050337465,4.2452334755970823E-4,1200.0,68.0,36.00000000000001,67.97331109257715,36.00000000000001,1200.0,1.8472424E7
1300.0,97.219122815,4.635777549971212E-4,1300.0,68.0,36.00000000000001,67.97536566589685,36.00000000000001,1300.0,1.8480552E7
1400.0,105.470486642,5.030350590503948E-4,1400.0,68.0,36.00000000000001,67.97712651894211,36.00000000000001,1400.0,1.8484344E7
1500.0,113.747555758,5.426210564604762E-4,1500.0,68.46666666666667,36.93333333333333,68.44563042028018,36.93333333333333,1500.0,1.848704E7
1600.0,122.176314983,5.829431172084125E-4,1600.0,69.25,38.5,69.23076923076923,38.5,1600.0,1.8491896E7
1700.0,130.522111495,6.228766034710709E-4,1700.0,69.6470588235294,39.29411764705881,69.6291936433196,39.29411764705881,1700.0,1.8495744E7
1800.0,138.985683673,6.633774310939583E-4,1800.0,69.66666666666667,39.33333333333333,69.64980544747081,39.33333333333333,1800.0,1.849748E7
1900.0,147.383541208,7.035752646604441E-4,1900.0,70.15789473684211,40.31578947368422,70.14218009478674,40.31578947368422,1900.0,1.850276E7
2000.0,155.998464919,7.448201115661092E-4,2000.0,70.5,40.99999999999999,70.48524262131065,40.99999999999999,2000.0,1.8506344E7
2100.0,164.588734398,7.85954284048419E-4,2100.0,71.0,41.99999999999999,70.98618389709385,41.99999999999999,2100.0,1.8509656E7
2200.0,173.374132347,8.28030949139582E-4,2200.0,71.22727272727273,42.45454545454545,71.21418826739428,42.45454545454545,2200.0,1.8513232E7
2300.0,182.435612411,8.71433535115901E-4,2300.0,71.3913043478261,42.78260869565218,71.37886037407569,42.78260869565218,2300.0,1.8514792E7
2400.0,191.456487063,9.14651151222086E-4,2400.0,71.58333333333333,43.166666666666664,71.57148812005002,43.166666666666664,2400.0,1.8518872E7
2500.0,200.339148535,9.572152496417165E-4,2500.0,72.04,44.080000000000005,72.02881152460985,44.080000000000005,2500.0,1.8522632E7
2600.0,209.379648692,0.0010005415947817403,2600.0,72.34615384615385,44.6923076923077,72.33551365909966,44.6923076923077,2600.0,1.852516E7
2700.0,218.283999231,0.0010432179160888443,2700.0,72.5925925925926,45.1851851851852,72.58243793997778,45.1851851851852,2700.0,1.8526232E7
2800.0,227.330898786,0.0010865879055614504,2800.0,73.0,46.0,72.9903536977492,46.0,2800.0,1.8530704E7
2900.0,236.288290172,0.0011295333616658976,2900.0,73.17241379310346,46.344827586206904,73.16315971024491,46.344827586206904,2900.0,1.8532672E7
3000.0,245.428977404,0.001173365748791566,3000.0,73.26666666666667,46.53333333333334,73.25775258419473,46.53333333333334,3000.0,1.8536112E7
3100.0,254.537197785,0.0012170674996651513,3100.0,72.90322580645162,45.80645161290322,72.61167264427779,45.241199478487616,3100.0,1.8546744E7
3200.0,263.863212598,0.0012618298164533235,3200.0,72.90625,45.812499999999986,72.32684328120013,44.671346522016584,3200.0,1.85532E7
3300.0,273.04404928,0.0013059014742064492,3300.0,72.9090909090909,45.81818181818183,72.0625,44.12500000000001,3300.0,1.8555792E7
3400.0,282.436292892,0.0013509948696560478,3400.0,73.02941176470588,46.058823529411775,71.93143556779921,43.88004895960833,3400.0,1.8558632E7
3500.0,291.644170851,0.0013952132967074385,3500.0,73.28571428571429,46.57142857142858,71.94719471947195,43.911217756448714,3500.0,1.8562912E7
3600.0,301.114430217,0.0014406970142021836,3600.0,73.52777777777779,47.055555555555564,71.97058823529412,43.94117647058824,3600.0,1.8565064E7
3700.0,310.442717457,0.0014855050079013907,3700.0,73.62162162162163,47.24324324324325,71.84886068647246,43.71395617070358,3700.0,1.8567608E7
3800.0,319.790809527,0.0015304203410516656,3800.0,73.55263157894737,47.10526315789474,71.55392018114917,43.1239388794567,3800.0,1.8572656E7
3900.0,329.366681395,0.0015764385042755763,3900.0,73.33333333333333,46.66666666666666,71.11111111111109,42.222222222222214,3900.0,1.8576048E7
4000.0,338.863544446,0.0016220806749081527,4000.0,73.5,47.0,71.09353695118625,42.20283533260633,4000.0,1.8577552E7
4100.0,348.459637269,0.0016682057441626368,4100.0,73.6829268292683,47.36585365853658,71.09563353870881,42.20674879485805,4100.0,1.8579968E7
4200.0,357.996337584,0.001714050998937725,4200.0,73.83333333333333,47.66666666666666,71.07894736842105,42.15789473684209,4200.0,1.8582264E7
4300.0,367.694922685,0.0017606789496497981,4300.0,73.83720930232558,47.67441860465116,70.90768037238169,41.830403309203724,4300.0,1.8584048E7
4400.0,377.342735194,0.0018070672333521547,4400.0,73.9090909090909,47.81818181818183,70.81108568522758,41.637010676156585,4400.0,1.8585824E7
4500.0,387.183378475,0.0018543875673090373,4500.0,74.06666666666666,48.13333333333334,70.82500000000002,41.650000000000006,4500.0,1.8587744E7
4600.0,396.868032956,0.0019009710724886182,4600.0,74.10869565217392,48.217391304347835,70.70110701107014,41.90243902439025,4600.0,1.859304E7
4700.0,406.727939756,0.001948404627984737,4700.0,74.1063829787234,48.201791959545986,70.54695062923524,42.02000952834683,4700.0,1.8595816E7
4800.0,416.532868283,0.0019955830717639433,4800.0,74.14583333333333,48.280981661141794,70.43830395426394,42.252210330386234,4800.0,1.8599512E7
4900.0,426.386602243,0.002043002756499571,4900.0,74.16326530612245,48.3265306122449,70.31652989449003,42.45454545454546,4900.0,1.8602024E7
5000.0,436.332872504,0.002090873481533445,5000.0,74.33999999999999,48.66988180710181,70.3831948291782,42.952423299244096,5000.0,1.8604248E7
5100.0,446.228265221,0.0021385066066386396,5100.0,74.37254901960785,48.73521168096085,70.28194633924512,43.14919530230536,5100.0,1.8607088E7
5200.0,456.321221577,0.002187094413673403,5200.0,74.3076923076923,48.61538461538461,70.0783874580067,43.14893617021276,5200.0,1.8608496E7
5300.0,466.25923171,0.002234946979421493,5300.0,74.43396226415095,48.85847181152174,70.10150044130626,43.518132555231354,5300.0,1.8612648E7
5400.0,476.416416921,0.0022838592897260327,5400.0,74.55555555555556,49.101929909167424,70.1174423662462,43.895467537770514,5400.0,1.861432E7
5500.0,486.440503336,0.002332137088965511,5500.0,74.72727272727273,49.45454545454546,70.20364415862808,44.40000000000001,5500.0,1.86168E7
5600.0,496.658442551,0.002381353191591671,5600.0,74.98214285714285,49.95571946116285,70.39306846999153,45.037269517457815,5600.0,1.8618568E7
5700.0,506.766507841,0.002430043711450544,5700.0,75.12280701754386,50.23730034060476,70.4460191746561,45.44055405925356,5700.0,1.861996E7
5800.0,516.924152922,0.0024789814449181903,5800.0,75.22413793103449,50.44827586206897,70.46248715313463,45.77358490566038,5800.0,1.8623152E7
5900.0,527.285352977,0.0025289076756386504,5900.0,75.20338983050847,50.39880015170495,70.33657745336576,45.79473879214523,5900.0,1.8626064E7
5995.0,537.068509834,0.002576056498166139,5995.0,75.29608006672227,50.58826796549558,70.35035035035035,46.08663997087733,5995.0,1.86292E7
