learning evaluation instances,evaluation time (cpu seconds),model cost (RAM-Hours),classified instances,classifications correct (percent),Kappa Statistic (percent),Kappa Temporal Statistic (percent),Kappa M Statistic (percent),model training instances,model serialized size (bytes)
100.0,5.555077231,2.6147780205739084E-5,100.0,52.0,4.0000000000000036,51.515151515151516,4.0000000000000036,100.0,1.8194792E7
200.0,11.201107583,5.2750471105769285E-5,200.0,55.50000000000001,11.00000000000001,55.276381909547744,11.00000000000001,200.0,1.8213136E7
300.0,16.803958971,7.91647530798592E-5,300.0,58.333333333333336,16.666666666666675,58.19397993311037,16.666666666666675,300.0,1.8223512E7
400.0,22.307328503,1.0512721007777532E-4,400.0,60.5,20.999999999999996,60.40100250626567,20.999999999999996,400.0,1.8235576E7
500.0,28.128361206,1.3260898230685987E-4,500.0,62.0,24.0,61.923847695390776,24.0,500.0,1.8249336E7
600.0,34.08287559,1.607338767443628E-4,600.0,63.0,26.0,62.93823038397329,26.0,600.0,1.8257736E7
700.0,40.046799323,1.8891408841705635E-4,700.0,64.28571428571429,28.57142857142858,64.2346208869814,28.57142857142858,700.0,1.8264784E7
800.0,46.126919117,2.1766562486253533E-4,800.0,64.625,29.25,64.58072590738423,29.25,800.0,1.8278952E7
900.0,52.458501722,2.4761741140281427E-4,900.0,65.44444444444444,30.8888888888889,65.40600667408232,30.8888888888889,900.0,1.8285752E7
1000.0,58.750353335,2.773985938512214E-4,1000.0,66.0,32.00000000000001,65.96596596596596,32.00000000000001,1000.0,1.8296408E7
1100.0,65.156119526,3.077282343991945E-4,1100.0,66.18181818181819,32.363636363636374,66.15104640582348,32.363636363636374,1100.0,1.8302E7
1200.0,71.615886036,3.3832241620348856E-4,1200.0,66.83333333333333,33.666666666666664,66.80567139282736,33.666666666666664,1200.0,1.8307304E7
1300.0,78.001296911,3.6857551575223205E-4,1300.0,66.92307692307692,33.84615384615384,66.89761354888375,33.84615384615384,1300.0,1.8314008E7
1400.0,84.58575345,3.9977812250301207E-4,1400.0,66.85714285714286,33.71428571428572,66.83345246604718,33.71428571428572,1400.0,1.83178E7
1500.0,91.291114287,4.3156115386893106E-4,1500.0,67.33333333333333,34.66666666666667,67.31154102735157,34.66666666666667,1500.0,1.8322112E7
1600.0,97.903999599,4.629113993297032E-4,1600.0,68.0,36.00000000000001,67.97998749218262,36.00000000000001,1600.0,1.8325352E7
1700.0,104.706470635,4.951672010416206E-4,1700.0,68.41176470588235,36.823529411764696,68.39317245438494,36.823529411764696,1700.0,1.83292E7
1800.0,111.513948507,5.274526472592377E-4,1800.0,68.44444444444444,36.888888888888886,68.42690383546415,36.888888888888886,1800.0,1.8332552E7
1900.0,118.403137174,5.601321488342581E-4,1900.0,68.73684210526316,37.47368421052633,68.72037914691943,37.47368421052633,1900.0,1.8336216E7
2000.0,125.403080362,5.933435149212707E-4,2000.0,69.1,38.19999999999999,69.08454227113556,38.19999999999999,2000.0,1.83398E7
2100.0,132.373843116,6.264224065401855E-4,2100.0,69.61904761904762,39.23809523809523,69.60457360647926,39.23809523809523,2100.0,1.8343112E7
2200.0,139.561803379,6.605386317283849E-4,2200.0,69.86363636363636,39.72727272727272,69.84993178717599,39.72727272727272,2200.0,1.8346688E7
2300.0,146.767537413,6.94745047583203E-4,2300.0,70.1304347826087,40.26086956521739,70.1174423662462,40.26086956521739,2300.0,1.8349816E7
2400.0,153.927022132,7.287385213486275E-4,2400.0,70.25,40.5,70.23759899958316,40.5,2400.0,1.8353384E7
2500.0,161.201267373,7.632819704536439E-4,2500.0,70.64,41.28000000000001,70.62825130052022,41.28000000000001,2500.0,1.8356088E7
2600.0,168.442535847,7.976733776113778E-4,2600.0,70.96153846153847,41.92307692307693,70.950365525202,41.92307692307693,2600.0,1.835852E7
2700.0,175.813134156,8.326840223939466E-4,2700.0,71.22222222222221,42.44444444444444,71.21155983697666,42.44444444444444,2700.0,1.8361144E7
2800.0,183.254049568,8.680342972174891E-4,2800.0,71.64285714285714,43.285714285714285,71.63272597356199,43.285714285714285,2800.0,1.8364064E7
2900.0,190.647168206,9.031634054193512E-4,2900.0,71.75862068965517,43.51724137931035,71.74887892376681,43.51724137931035,2900.0,1.8367152E7
3000.0,198.231479209,9.392055343699416E-4,3000.0,71.86666666666667,43.733333333333334,71.85728576192064,43.733333333333334,3000.0,1.8369472E7
3100.0,205.970861864,9.760078034490548E-4,3100.0,71.41935483870968,42.83870967741936,71.11183567003587,42.24250325945243,3100.0,1.8381064E7
3200.0,213.71341817,0.001012838223447284,3200.0,71.375,42.75,70.76284711139482,41.54435226547544,3200.0,1.8387584E7
3300.0,221.385872247,0.0010493409236567947,3300.0,71.33333333333334,42.66666666666667,70.43750000000001,40.875000000000014,3300.0,1.839048E7
3400.0,229.113833354,0.0010861132236678892,3400.0,71.5,42.99999999999999,70.33976124885216,40.69767441860465,3400.0,1.839324E7
3500.0,236.861968477,0.0011229878526498674,3500.0,71.77142857142857,43.54285714285715,70.35703570357036,40.731853629274156,3500.0,1.83964E7
3600.0,244.535243381,0.0011595109262886353,3600.0,72.0,43.99999999999999,70.35294117647058,40.70588235294117,3600.0,1.8398776E7
3700.0,252.312883234,0.0011965382869913008,3700.0,72.18918918918918,44.37837837837837,70.32016152293048,40.65743944636677,3700.0,1.840252E7
3800.0,260.031981351,0.0012332941503578616,3800.0,72.18421052631578,44.36842105263157,70.08208321539767,40.18109790605545,3800.0,1.8406128E7
3900.0,267.93927856,0.0012709530960449327,3900.0,71.94871794871794,43.89743589743589,69.61111111111109,39.222222222222214,3900.0,1.840952E7
4000.0,275.796912477,0.0013083796806474608,4000.0,72.125,44.249999999999986,69.59367330242704,39.20392584514721,4000.0,1.8411568E7
4100.0,283.544530019,0.0013452860640297017,4100.0,72.21951219512195,44.4390243902439,69.4883471738548,38.993036957686115,4100.0,1.8413472E7
4200.0,291.413008306,0.0013827728507371172,4200.0,72.33333333333334,44.66666666666668,69.42105263157895,38.8421052631579,4200.0,1.8415768E7
4300.0,299.202839698,0.0014198885775047153,4300.0,72.37209302325581,44.74418604651162,69.27851047323507,38.57290589451913,4300.0,1.8417568E7
4400.0,307.238254584,0.001458178112614485,4400.0,72.45454545454545,44.9090909090909,69.18382913806255,38.38332486019318,4400.0,1.8419344E7
4500.0,315.156716026,0.0014959143518593538,4500.0,72.62222222222222,45.24444444444444,69.2,38.4,4500.0,1.8421296E7
4600.0,323.248491656,0.0015344876239948642,4600.0,72.67391304347825,45.34782608695651,69.07749077490774,38.682926829268276,4600.0,1.8426592E7
4700.0,331.187379059,0.0015723388678938093,4700.0,72.70212765957447,45.39201363746187,68.94966118102613,38.87565507384468,4700.0,1.8429896E7
4800.0,339.340391731,0.0016112179759816439,4800.0,72.75,45.48812284621042,68.8423058599333,39.13448115402514,4800.0,1.8433192E7
4900.0,347.260564891,0.0016489919267131485,4900.0,72.81632653061224,45.63265306122448,68.76905041031652,39.45454545454545,4900.0,1.843572E7
5000.0,355.288474584,0.0016872843278099817,5000.0,73.06,46.10885962346137,68.90581717451522,40.10671409515341,5000.0,1.8437944E7
5100.0,363.207481776,0.0017250630920286217,5100.0,73.07843137254902,46.14599670091067,68.78126421100502,40.278381905176175,5100.0,1.8440784E7
5200.0,371.245603964,0.0017634144035111913,5200.0,73.13461538461539,46.269230769230774,68.71220604703248,40.5531914893617,5200.0,1.8442848E7
5300.0,379.131102018,0.0018010446172325998,5300.0,73.33962264150944,46.668992971236925,68.82171226831422,41.100458524385175,5300.0,1.8446328E7
5400.0,387.126403907,0.0018392038703186984,5400.0,73.48148148148148,46.95301574383015,68.8560243584167,41.52715394038383,5400.0,1.8448768E7
5500.0,394.966109769,0.0018766240133939877,5500.0,73.70909090909092,47.41818181818183,69.00321543408361,42.16000000000001,5500.0,1.8450496E7
5600.0,402.992640498,0.0019149397048911611,5600.0,73.98214285714285,47.95504507943245,69.20963651732882,42.84032954099646,5600.0,1.8452328E7
5700.0,410.882981909,0.0019526091327683338,5700.0,74.08771929824562,48.16644071177637,69.21634014172572,43.17045017314352,5700.0,1.8454216E7
5800.0,418.853422128,0.0019906670157872194,5800.0,74.22413793103448,48.44827586206897,69.27029804727647,43.58490566037736,5800.0,1.8457152E7
5900.0,426.7931064,0.00202858343259966,5900.0,74.27118644067797,48.53382721980264,69.2214111922141,43.756947017413836,5900.0,1.8459776E7
5995.0,434.320288274,0.0020645360272864917,5995.0,74.37864887406171,48.75313269538914,69.24924924924925,44.08445576993083,5995.0,1.8462912E7
