learning evaluation instances,evaluation time (cpu seconds),model cost (RAM-Hours),classified instances,classifications correct (percent),Kappa Statistic (percent),Kappa Temporal Statistic (percent),Kappa M Statistic (percent),model training instances,model serialized size (bytes)
100.0,4.590165456,2.1427509120548668E-5,100.0,52.0,4.0000000000000036,51.515151515151516,4.0000000000000036,100.0,1.8044536E7
200.0,9.136784982,4.267331645320669E-5,200.0,55.00000000000001,10.000000000000009,54.773869346733676,10.000000000000009,200.0,1.806288E7
300.0,13.647098352,6.376157641430904E-5,300.0,57.666666666666664,15.333333333333332,57.52508361204014,15.333333333333332,300.0,1.8073256E7
400.0,18.192923921,8.503006330803117E-5,400.0,59.25,18.500000000000007,59.14786967418547,18.500000000000007,400.0,1.808532E7
500.0,22.778837987,1.0650243623854344E-4,500.0,61.0,21.999999999999996,60.921843687374746,21.999999999999996,500.0,1.809908E7
600.0,27.537412626,1.2879374662924762E-4,600.0,61.16666666666667,22.33333333333334,61.101836393989984,22.33333333333334,600.0,1.8107608E7
700.0,32.340771976,1.5130344782732756E-4,700.0,61.857142857142854,23.714285714285708,61.80257510729613,23.714285714285708,700.0,1.8114528E7
800.0,37.186024712,1.7402711037784978E-4,800.0,62.625,25.249999999999993,62.57822277847309,25.249999999999993,800.0,1.81286E7
900.0,42.082183327,1.9699812863324597E-4,900.0,63.22222222222222,26.44444444444445,63.181312569521694,26.44444444444445,900.0,1.81354E7
1000.0,47.126476696,2.2067806852430155E-4,1000.0,63.7,27.400000000000002,63.66366366366366,27.400000000000002,1000.0,1.8146072E7
1100.0,52.157826964,2.4430461022696383E-4,1100.0,64.0909090909091,28.181818181818173,64.0582347588717,28.181818181818173,1100.0,1.8151728E7
1200.0,57.1094489,2.6756369627641306E-4,1200.0,64.83333333333333,29.666666666666664,64.80400333611342,29.666666666666664,1200.0,1.8157144E7
1300.0,62.060455905,2.908284190294754E-4,1300.0,65.3076923076923,30.61538461538462,65.28098537336413,30.61538461538462,1300.0,1.81638E7
1400.0,67.037944389,3.142224608178285E-4,1400.0,65.42857142857143,30.85714285714285,65.40385989992852,30.85714285714285,1400.0,1.8167592E7
1500.0,72.058012755,3.378222267074827E-4,1500.0,65.93333333333334,31.866666666666667,65.91060707138092,31.866666666666667,1500.0,1.8171904E7
1600.0,76.982640414,3.609774659222801E-4,1600.0,66.75,33.5,66.729205753596,33.5,1600.0,1.817516E7
1700.0,82.033239668,3.847300630448492E-4,1700.0,67.17647058823529,34.35294117647059,67.15715126545027,34.35294117647059,1700.0,1.8179024E7
1800.0,87.104653719,4.0858496937142035E-4,1800.0,67.66666666666666,35.33333333333333,67.64869371873262,35.33333333333333,1800.0,1.8182392E7
1900.0,92.047770303,4.3184109629227285E-4,1900.0,68.15789473684211,36.31578947368421,68.14112690889942,36.31578947368421,1900.0,1.8186072E7
2000.0,97.077327153,4.555085871799492E-4,2000.0,68.60000000000001,37.20000000000001,68.58429214607304,37.20000000000001,2000.0,1.8189672E7
2100.0,102.134744041,4.793115327367368E-4,2100.0,69.28571428571428,38.57142857142857,69.27108146736542,38.57142857142857,2100.0,1.8193E7
2200.0,107.182221827,5.03072368982555E-4,2200.0,69.72727272727272,39.45454545454545,69.71350613915416,39.45454545454545,2200.0,1.8196576E7
2300.0,112.11544074,5.262993273674481E-4,2300.0,70.1304347826087,40.26086956521739,70.1174423662462,40.26086956521739,2300.0,1.8199704E7
2400.0,117.189474276,5.501941315012805E-4,2400.0,70.41666666666667,40.83333333333334,70.40433513964153,40.83333333333334,2400.0,1.82034E7
2500.0,122.266212002,5.741052216085736E-4,2500.0,70.96000000000001,41.92,70.9483793517407,41.92,2500.0,1.8206104E7
2600.0,127.242155992,5.975448549016576E-4,2600.0,71.42307692307692,42.84615384615385,71.41208156983456,42.84615384615385,2600.0,1.8208648E7
2700.0,132.331606786,6.21522627115422E-4,2700.0,71.85185185185186,43.70370370370371,71.84142274916636,43.70370370370371,2700.0,1.8211272E7
2800.0,137.41869498,6.454931113022265E-4,2800.0,72.32142857142857,44.64285714285714,72.3115398356556,44.64285714285714,2800.0,1.8214192E7
2900.0,142.487740879,6.693826712143088E-4,2900.0,72.6551724137931,45.3103448275862,72.6457399103139,45.3103448275862,2900.0,1.8217312E7
3000.0,147.453326391,6.92787599460357E-4,3000.0,72.89999999999999,45.8,72.89096365455153,45.8,3000.0,1.8219616E7
3100.0,152.518239346,7.16675910349529E-4,3100.0,72.51612903225806,45.03225806451614,72.22041082491035,44.45893089960888,3100.0,1.8231224E7
3200.0,157.570498796,7.405130427378745E-4,3200.0,72.5,44.99999999999999,71.91190552186403,43.841735800893424,3200.0,1.8237728E7
3300.0,162.524857646,7.638918577548613E-4,3300.0,72.51515151515152,45.03030303030302,71.65625,43.31249999999999,3300.0,1.8240528E7
3400.0,167.592646638,7.878095496674373E-4,3400.0,72.76470588235294,45.529411764705884,71.65595347413529,43.329253365973074,3400.0,1.8243288E7
3500.0,172.676307926,8.118063286071031E-4,3500.0,73.08571428571429,46.17142857142858,71.73717371737173,43.49130173965208,3500.0,1.8246464E7
3600.0,177.72876437,8.356589146428039E-4,3600.0,73.33333333333333,46.66666666666666,71.76470588235293,43.52941176470587,3600.0,1.824884E7
3700.0,182.678195042,8.590299111465988E-4,3700.0,73.64864864864865,47.297297297297305,71.87770406691665,43.77162629757786,3700.0,1.8252584E7
3800.0,187.769755786,8.830767710205633E-4,3800.0,73.68421052631578,47.36842105263157,71.69544296631757,43.40690435766835,3800.0,1.8256176E7
3900.0,192.848263612,9.070664399093739E-4,3900.0,73.64102564102564,47.28205128205127,71.44444444444444,42.88888888888888,3900.0,1.8259568E7
4000.0,197.794226118,9.304326574899383E-4,4000.0,73.8,47.599999999999994,71.42077992909735,42.857142857142854,4000.0,1.8261648E7
4100.0,202.862440966,9.543788654765933E-4,4100.0,74.04878048780488,48.09756097560975,71.49745512992232,43.01017675415103,4100.0,1.8263504E7
4200.0,207.931748803,9.78333248648966E-4,4200.0,74.21428571428571,48.42857142857142,71.5,42.999999999999986,4200.0,1.82658E7
4300.0,212.947540488,0.0010020370628051744,4300.0,74.46511627906976,48.93023255813953,71.60589604344453,43.22647362978283,4300.0,1.8267584E7
4400.0,217.983773327,0.0010258398132798542,4400.0,74.68181818181819,49.36363636363637,71.67556572590897,43.365531265887135,4400.0,1.8269376E7
4500.0,223.05741113,0.0010498219129645887,4500.0,74.93333333333332,49.86666666666666,71.80000000000001,43.59999999999999,4500.0,1.8271328E7
4600.0,228.139108094,0.0010738491111315044,4600.0,75.02173913043478,50.04347826086957,71.73431734317344,43.951219512195124,4600.0,1.8276656E7
4700.0,233.124602725,0.001097425708306262,4700.0,75.14893617021276,50.28797944579646,71.73281703775412,44.354454502143874,4700.0,1.827996E7
4800.0,238.211305266,0.0011214850904843138,4800.0,75.08333333333333,50.15708748191711,71.51024297284422,44.34620753838996,4800.0,1.8283128E7
4900.0,243.264955542,0.0011453914242787267,4900.0,75.24489795918367,50.48979591836735,71.55920281359907,44.86363636363638,4900.0,1.828564E7
5000.0,248.189508159,0.0011686899142727292,5000.0,75.42,50.83112600162076,71.62973222530009,45.353490440195635,5000.0,1.828788E7
5100.0,253.257115376,0.0011926689523136698,5100.0,75.52941176470588,51.050279441317315,71.62346521145976,45.7155284906481,5100.0,1.8290736E7
5200.0,258.352072972,0.001216780170275304,5200.0,75.65384615384615,51.3076923076923,71.64613661814107,46.12765957446807,5200.0,1.8292832E7
5300.0,263.431327174,0.0012408216467296577,5300.0,75.79245283018868,51.57687938591744,71.69020300088262,46.5193830762818,5300.0,1.8296312E7
5400.0,268.388957818,0.00126429055505058,5400.0,75.88888888888889,51.77000408159065,71.68334058286212,46.83544303797467,5400.0,1.8298736E7
5500.0,273.466514006,0.0012883295113310593,5500.0,76.18181818181819,52.36363636363637,71.91854233654877,47.60000000000001,5500.0,1.8300512E7
5600.0,278.523817656,0.0013122749817530367,5600.0,76.44642857142857,52.885765969878115,72.12595097210482,48.25421734013338,5600.0,1.8302344E7
5700.0,283.477200759,0.0013357308254710845,5700.0,76.6842105263158,53.361634158396456,72.30095873280533,48.86494805694498,5700.0,1.8304232E7
5800.0,288.545562798,0.0013597349177174348,5800.0,76.82758620689654,53.655172413793096,72.37410071942445,49.28301886792452,5800.0,1.830712E7
5900.0,293.612966828,0.0013837379336552186,5900.0,76.84745762711864,53.68849204365374,72.30332522303326,49.38866246758057,5900.0,1.830976E7
5995.0,298.419867047,0.0014065109084537065,5995.0,76.94745621351126,53.891780816428835,72.33233233233233,49.690571532581,5995.0,1.8312896E7
