learning evaluation instances,evaluation time (cpu seconds),model cost (RAM-Hours),classified instances,classifications correct (percent),Kappa Statistic (percent),Kappa Temporal Statistic (percent),Kappa M Statistic (percent),model training instances,model serialized size (bytes)
100.0,4.757042255,2.2206512441203793E-5,100.0,52.0,4.0000000000000036,51.515151515151516,4.0000000000000036,100.0,1.8044536E7
200.0,9.398111018,4.3893669722003164E-5,200.0,55.00000000000001,10.000000000000009,54.773869346733676,10.000000000000009,200.0,1.806288E7
300.0,14.148873893,6.610616679325521E-5,300.0,57.666666666666664,15.333333333333332,57.52508361204014,15.333333333333332,300.0,1.8073256E7
400.0,18.86983102,8.819403911861403E-5,400.0,59.25,18.500000000000007,59.14786967418547,18.500000000000007,400.0,1.808532E7
500.0,23.598054915,1.1033274152586479E-4,500.0,61.0,21.999999999999996,60.921843687374746,21.999999999999996,500.0,1.809908E7
600.0,28.545353639,1.335081206716239E-4,600.0,61.16666666666667,22.33333333333334,61.101836393989984,22.33333333333334,600.0,1.8107608E7
700.0,33.530426587,1.568693756462515E-4,700.0,61.857142857142854,23.714285714285708,61.80257510729613,23.714285714285708,700.0,1.8114432E7
800.0,38.6307861,1.8078945882346842E-4,800.0,62.625,25.249999999999993,62.57822277847309,25.249999999999993,800.0,1.81286E7
900.0,43.734873196,2.047360028549771E-4,900.0,63.22222222222222,26.44444444444445,63.181312569521694,26.44444444444445,900.0,1.81354E7
1000.0,48.931950406,2.2913317148483655E-4,1000.0,63.7,27.400000000000002,63.66366366366366,27.400000000000002,1000.0,1.8146072E7
1100.0,54.126089736,2.5352414864860003E-4,1100.0,64.0909090909091,28.181818181818173,64.0582347588717,28.181818181818173,1100.0,1.8151728E7
1200.0,59.203095318,2.773721950526969E-4,1200.0,64.83333333333333,29.666666666666664,64.80400333611342,29.666666666666664,1200.0,1.8157144E7
1300.0,64.363174003,3.016193431317192E-4,1300.0,65.3076923076923,30.61538461538462,65.28098537336413,30.61538461538462,1300.0,1.81638E7
1400.0,69.550557466,3.259998848237236E-4,1400.0,65.42857142857143,30.85714285714285,65.40385989992852,30.85714285714285,1400.0,1.8167592E7
1500.0,74.617545078,3.498202220563536E-4,1500.0,65.93333333333334,31.866666666666667,65.91060707138092,31.866666666666667,1500.0,1.8171904E7
1600.0,79.872218766,3.7452731356995823E-4,1600.0,66.75,33.5,66.729205753596,33.5,1600.0,1.817516E7
1700.0,85.077809709,3.9900882521554115E-4,1700.0,67.17647058823529,34.35294117647059,67.15715126545027,34.35294117647059,1700.0,1.8179024E7
1800.0,90.305077463,4.2359683584957487E-4,1800.0,67.66666666666666,35.33333333333333,67.64869371873262,35.33333333333333,1800.0,1.8182392E7
1900.0,95.40892694,4.476091708218545E-4,1900.0,68.15789473684211,36.31578947368421,68.14112690889942,36.31578947368421,1900.0,1.8186072E7
2000.0,100.584934092,4.719658101358147E-4,2000.0,68.60000000000001,37.20000000000001,68.58429214607304,37.20000000000001,2000.0,1.8189672E7
2100.0,105.767062437,4.9635571541671E-4,2100.0,69.28571428571428,38.57142857142857,69.27108146736542,38.57142857142857,2100.0,1.8193E7
2200.0,110.867809766,5.203673162902842E-4,2200.0,69.72727272727272,39.45454545454545,69.71350613915416,39.45454545454545,2200.0,1.8196576E7
2300.0,116.096720002,5.449864711649775E-4,2300.0,70.1304347826087,40.26086956521739,70.1174423662462,40.26086956521739,2300.0,1.8199704E7
2400.0,121.327799135,5.6962083954366E-4,2400.0,70.41666666666667,40.83333333333334,70.40433513964153,40.83333333333334,2400.0,1.82034E7
2500.0,126.437413456,5.936867761819133E-4,2500.0,70.96000000000001,41.92,70.9483793517407,41.92,2500.0,1.8206104E7
2600.0,131.680602501,6.183852914280857E-4,2600.0,71.42307692307692,42.84615384615385,71.41208156983456,42.84615384615385,2600.0,1.8208648E7
2700.0,136.909811993,6.430215044758762E-4,2700.0,71.85185185185186,43.70370370370371,71.84142274916636,43.70370370370371,2700.0,1.8211272E7
2800.0,142.037825267,6.671848286421685E-4,2800.0,72.32142857142857,44.64285714285714,72.3115398356556,44.64285714285714,2800.0,1.8214192E7
2900.0,147.199427295,6.915105900077456E-4,2900.0,72.6551724137931,45.3103448275862,72.6457399103139,45.3103448275862,2900.0,1.8217312E7
3000.0,152.414754561,7.160926579522818E-4,3000.0,72.89999999999999,45.8,72.89096365455153,45.8,3000.0,1.8219616E7
3100.0,157.644912152,7.407603337135864E-4,3100.0,72.51612903225806,45.03225806451614,72.22041082491035,44.45893089960888,3100.0,1.8231224E7
3200.0,162.742572222,7.648116713699241E-4,3200.0,72.5,44.99999999999999,71.91190552186403,43.841735800893424,3200.0,1.8237728E7
3300.0,167.965848569,7.894594643934584E-4,3300.0,72.51515151515152,45.03030303030302,71.65625,43.31249999999999,3300.0,1.8240528E7
3400.0,173.19395374,8.141337767935835E-4,3400.0,72.76470588235294,45.529411764705884,71.65595347413529,43.329253365973074,3400.0,1.8243288E7
3500.0,178.326589586,8.383617339285331E-4,3500.0,73.08571428571429,46.17142857142858,71.73717371737173,43.49130173965208,3500.0,1.8246464E7
3600.0,183.563285054,8.630841101781232E-4,3600.0,73.33333333333333,46.66666666666666,71.76470588235293,43.52941176470587,3600.0,1.824884E7
3700.0,188.793237747,8.877797194720553E-4,3700.0,73.64864864864865,47.297297297297305,71.87770406691665,43.77162629757786,3700.0,1.8252584E7
3800.0,193.918952931,9.119878868652754E-4,3800.0,73.68421052631578,47.36842105263157,71.69544296631757,43.40690435766835,3800.0,1.8256176E7
3900.0,199.150674519,9.367013013001245E-4,3900.0,73.64102564102564,47.28205128205127,71.44444444444444,42.88888888888888,3900.0,1.8259568E7
4000.0,204.375489275,9.613849009551436E-4,4000.0,73.8,47.599999999999994,71.42077992909735,42.857142857142854,4000.0,1.8261648E7
4100.0,209.636382408,9.862414717471447E-4,4100.0,74.04878048780488,48.09756097560975,71.49745512992232,43.01017675415103,4100.0,1.8263504E7
4200.0,214.780832288,0.0010105509292902706,4200.0,74.21428571428571,48.42857142857142,71.5,42.999999999999986,4200.0,1.82658E7
4300.0,220.041848523,0.0010354136347092728,4300.0,74.46511627906976,48.93023255813953,71.60589604344453,43.22647362978283,4300.0,1.8267584E7
4400.0,225.292693064,0.0010602307046078073,4400.0,74.68181818181819,49.36363636363637,71.67556572590897,43.365531265887135,4400.0,1.8269376E7
4500.0,230.447227887,0.0010845951887813777,4500.0,74.93333333333332,49.86666666666666,71.80000000000001,43.59999999999999,4500.0,1.8271328E7
4600.0,235.68149433,0.0011093437635144533,4600.0,75.02173913043478,50.04347826086957,71.73431734317344,43.951219512195124,4600.0,1.8276656E7
4700.0,240.9047884,0.0011340449234450956,4700.0,75.14893617021276,50.28797944579646,71.73281703775412,44.354454502143874,4700.0,1.827996E7
4800.0,246.045727224,0.0011583608355558684,4800.0,75.08333333333333,50.15708748191711,71.51024297284422,44.34620753838996,4800.0,1.8283128E7
4900.0,251.316000084,0.001183291904248362,4900.0,75.24489795918367,50.48979591836735,71.55920281359907,44.86363636363638,4900.0,1.828564E7
5000.0,256.559252944,0.0012080981930212807,5000.0,75.42,50.83112600162076,71.62973222530009,45.353490440195635,5000.0,1.828788E7
5100.0,261.816314661,0.0012329736968828729,5100.0,75.52941176470588,51.050279441317315,71.62346521145976,45.7155284906481,5100.0,1.8290736E7
5200.0,266.994907184,0.0012574807061570168,5200.0,75.65384615384615,51.3076923076923,71.64613661814107,46.12765957446807,5200.0,1.8292832E7
5300.0,272.239021897,0.0012823025117573107,5300.0,75.79245283018868,51.57687938591744,71.69020300088262,46.5193830762818,5300.0,1.8296312E7
5400.0,277.52518345,0.0013073266512637677,5400.0,75.88888888888889,51.77000408159065,71.68334058286212,46.83544303797467,5400.0,1.8298736E7
5500.0,282.65538134,0.0013316148320778715,5500.0,76.18181818181819,52.36363636363637,71.91854233654877,47.60000000000001,5500.0,1.8300512E7
5600.0,287.860219165,0.001356258851661257,5600.0,76.44642857142857,52.885765969878115,72.12595097210482,48.25421734013338,5600.0,1.8302344E7
5700.0,293.075130949,0.0013809531168261758,5700.0,76.6842105263158,53.361634158396456,72.30095873280533,48.86494805694498,5700.0,1.8304232E7
5800.0,298.187322947,0.0014051647906089069,5800.0,76.82758620689654,53.655172413793096,72.37410071942445,49.28301886792452,5800.0,1.830712E7
5900.0,303.410811964,0.0014299071417977244,5900.0,76.84745762711864,53.68849204365374,72.30332522303326,49.38866246758057,5900.0,1.830976E7
5995.0,308.376276352,0.0014534313237484448,5995.0,76.94745621351126,53.891780816428835,72.33233233233233,49.690571532581,5995.0,1.8312896E7
