learning evaluation instances,evaluation time (cpu seconds),model cost (RAM-Hours),classified instances,classifications correct (percent),Kappa Statistic (percent),Kappa Temporal Statistic (percent),Kappa M Statistic (percent),model training instances,model serialized size (bytes)
100.0,5.581759414,2.6273373393282887E-5,100.0,52.0,4.0000000000000036,51.515151515151516,4.0000000000000036,100.0,1.8194792E7
200.0,11.101151821,5.227937779022749E-5,200.0,55.50000000000001,11.00000000000001,55.276381909547744,11.00000000000001,200.0,1.8213136E7
300.0,16.730133565,7.881684964455332E-5,300.0,58.333333333333336,16.666666666666675,58.19397993311037,16.666666666666675,300.0,1.8223512E7
400.0,22.400159462,1.0556551746923343E-4,400.0,60.5,20.999999999999996,60.40100250626567,20.999999999999996,400.0,1.8235576E7
500.0,28.257150034,1.3321705097885363E-4,500.0,62.0,24.0,61.923847695390776,24.0,500.0,1.8249336E7
600.0,34.200847506,1.6129085401099237E-4,600.0,63.0,26.0,62.93823038397329,26.0,600.0,1.8257736E7
700.0,40.293480397,1.900792309586013E-4,700.0,64.28571428571429,28.57142857142858,64.2346208869814,28.57142857142858,700.0,1.8264784E7
800.0,46.357392926,2.1875412684663783E-4,800.0,64.625,29.25,64.58072590738423,29.25,800.0,1.8278952E7
900.0,52.551981927,2.4805786005801427E-4,900.0,65.44444444444444,30.8888888888889,65.40600667408232,30.8888888888889,900.0,1.8285752E7
1000.0,58.863662772,2.779327433357036E-4,1000.0,66.0,32.00000000000001,65.96596596596596,32.00000000000001,1000.0,1.8296312E7
1100.0,65.164772366,3.077667055666641E-4,1100.0,66.18181818181819,32.363636363636374,66.15104640582348,32.363636363636374,1100.0,1.8301904E7
1200.0,71.682103589,3.386333584760084E-4,1200.0,66.83333333333333,33.666666666666664,66.80567139282736,33.666666666666664,1200.0,1.8307208E7
1300.0,78.279026689,3.698884067421462E-4,1300.0,66.92307692307692,33.84615384615384,66.89761354888375,33.84615384615384,1300.0,1.8313912E7
1400.0,84.810239071,4.0083853638859477E-4,1400.0,66.85714285714286,33.71428571428572,66.83345246604718,33.71428571428572,1400.0,1.8317704E7
1500.0,91.584376015,4.3294739437680887E-4,1500.0,67.33333333333333,34.66666666666667,67.31154102735157,34.66666666666667,1500.0,1.8322016E7
1600.0,98.37890097,4.651585849834738E-4,1600.0,68.0,36.00000000000001,67.97998749218262,36.00000000000001,1600.0,1.8325256E7
1700.0,105.114214826,4.970957750405796E-4,1700.0,68.41176470588235,36.823529411764696,68.39317245438494,36.823529411764696,1700.0,1.8329104E7
1800.0,112.035457543,5.299205955624682E-4,1800.0,68.44444444444444,36.888888888888886,68.42690383546415,36.888888888888886,1800.0,1.8332456E7
1900.0,118.913527592,5.625471841292324E-4,1900.0,68.73684210526316,37.47368421052633,68.72037914691943,37.47368421052633,1900.0,1.833612E7
2000.0,125.97267499,5.960392704219142E-4,2000.0,69.1,38.19999999999999,69.08454227113556,38.19999999999999,2000.0,1.8339704E7
2100.0,133.118817748,6.299502286601391E-4,2100.0,69.61904761904762,39.23809523809523,69.60457360647926,39.23809523809523,2100.0,1.8343016E7
2200.0,140.216835472,6.63639383176785E-4,2200.0,69.86363636363636,39.72727272727272,69.84993178717599,39.72727272727272,2200.0,1.8346592E7
2300.0,147.492426963,6.981772394095305E-4,2300.0,70.1304347826087,40.26086956521739,70.1174423662462,40.26086956521739,2300.0,1.834972E7
2400.0,154.727338497,7.325286625434257E-4,2400.0,70.25,40.5,70.23759899958316,40.5,2400.0,1.8353288E7
2500.0,162.072866693,7.674104329476756E-4,2500.0,70.64,41.28000000000001,70.62825130052022,41.28000000000001,2500.0,1.8355992E7
2600.0,169.481799691,8.025981396669428E-4,2600.0,70.96153846153847,41.92307692307693,70.950365525202,41.92307692307693,2600.0,1.835852E7
2700.0,177.016447729,8.383880274021064E-4,2700.0,71.22222222222221,42.44444444444444,71.21155983697666,42.44444444444444,2700.0,1.8361144E7
2800.0,184.555811536,8.742060105150852E-4,2800.0,71.64285714285714,43.285714285714285,71.63272597356199,43.285714285714285,2800.0,1.8364064E7
2900.0,191.969157394,9.094312302816057E-4,2900.0,71.75862068965517,43.51724137931035,71.74887892376681,43.51724137931035,2900.0,1.8367152E7
3000.0,199.541316385,9.454156104949225E-4,3000.0,71.86666666666667,43.733333333333334,71.85728576192064,43.733333333333334,3000.0,1.8369472E7
3100.0,207.375166521,9.826670908108961E-4,3100.0,71.41935483870968,42.83870967741936,71.11183567003587,42.24250325945243,3100.0,1.8381064E7
3200.0,215.103486434,0.001019429789979889,3200.0,71.375,42.75,70.76284711139482,41.54435226547544,3200.0,1.8387584E7
3300.0,222.909108605,0.0010565660547521812,3300.0,71.33333333333334,42.66666666666667,70.43750000000001,40.875000000000014,3300.0,1.839048E7
3400.0,230.623526511,0.0010932739115494207,3400.0,71.5,42.99999999999999,70.33976124885216,40.69767441860465,3400.0,1.839324E7
3500.0,238.460130876,0.0011305695799716357,3500.0,71.77142857142857,43.54285714285715,70.35703570357036,40.731853629274156,3500.0,1.83964E7
3600.0,246.217086746,0.0011674909563066604,3600.0,72.0,43.99999999999999,70.35294117647058,40.70588235294117,3600.0,1.8398776E7
3700.0,254.061665085,0.0012048369940775442,3700.0,72.18918918918918,44.37837837837837,70.32016152293048,40.65743944636677,3700.0,1.840252E7
3800.0,261.885093695,0.0012420896457071313,3800.0,72.18421052631578,44.36842105263157,70.08208321539767,40.18109790605545,3800.0,1.8406128E7
3900.0,269.644486619,0.0012790441889557358,3900.0,71.94871794871794,43.89743589743589,69.61111111111109,39.222222222222214,3900.0,1.840952E7
4000.0,277.498005463,0.0013164511731124547,4000.0,72.125,44.249999999999986,69.59367330242704,39.20392584514721,4000.0,1.8411568E7
4100.0,285.258437459,0.0013534185991506595,4100.0,72.21951219512195,44.4390243902439,69.4883471738548,38.993036957686115,4100.0,1.8413472E7
4200.0,293.110921308,0.0013908291855987693,4200.0,72.33333333333334,44.66666666666668,69.42105263157895,38.8421052631579,4200.0,1.8415768E7
4300.0,300.876567743,0.0014278296798008949,4300.0,72.37209302325581,44.74418604651162,69.27851047323507,38.57290589451913,4300.0,1.8417568E7
4400.0,308.78168753,0.0014654983460646162,4400.0,72.45454545454545,44.9090909090909,69.18382913806255,38.38332486019318,4400.0,1.8419344E7
4500.0,316.634895569,0.001502923613532305,4500.0,72.62222222222222,45.24444444444444,69.2,38.4,4500.0,1.8421296E7
4600.0,324.546093648,0.0015406360774429231,4600.0,72.67391304347825,45.34782608695651,69.07749077490774,38.682926829268276,4600.0,1.8426592E7
4700.0,332.602855785,0.0015790493277137525,4700.0,72.70212765957447,45.39201363746187,68.94966118102613,38.87565507384468,4700.0,1.8429896E7
4800.0,340.598541021,0.0016171781916114324,4800.0,72.75,45.48812284621042,68.8423058599333,39.13448115402514,4800.0,1.8433192E7
4900.0,348.692204661,0.0016557795763789758,4900.0,72.81632653061224,45.63265306122448,68.76905041031652,39.45454545454545,4900.0,1.843572E7
5000.0,356.766098343,0.001694291316932549,5000.0,73.06,46.10885962346137,68.90581717451522,40.10671409515341,5000.0,1.8437944E7
5100.0,364.927345253,0.0017332257206106349,5100.0,73.07843137254902,46.14599670091067,68.78126421100502,40.278381905176175,5100.0,1.8440784E7
5200.0,372.927003951,0.0017713935159371676,5200.0,73.13461538461539,46.269230769230774,68.71220604703248,40.5531914893617,5200.0,1.8442848E7
5300.0,380.962526818,0.0018097396598050351,5300.0,73.33962264150944,46.668992971236925,68.82171226831422,41.100458524385175,5300.0,1.8446328E7
5400.0,388.878809505,0.0018475217771969923,5400.0,73.48148148148148,46.95301574383015,68.8560243584167,41.52715394038383,5400.0,1.8448768E7
5500.0,396.920961618,0.0018859082279132603,5500.0,73.70909090909092,47.41818181818183,69.00321543408361,42.16000000000001,5500.0,1.8450496E7
5600.0,404.830807276,0.0019236669080024281,5600.0,73.98214285714285,47.95504507943245,69.20963651732882,42.84032954099646,5600.0,1.8452328E7
5700.0,412.884377389,0.0019621156091071067,5700.0,74.08771929824562,48.16644071177637,69.21634014172572,43.17045017314352,5700.0,1.8454216E7
5800.0,420.756323917,0.001999703196726092,5800.0,74.22413793103448,48.44827586206897,69.27029804727647,43.58490566037736,5800.0,1.8457152E7
5900.0,428.806213551,0.0020381459055543614,5900.0,74.27118644067797,48.53382721980264,69.2214111922141,43.756947017413836,5900.0,1.8459776E7
5995.0,436.342054198,0.0020741398577321327,5995.0,74.37864887406171,48.75313269538914,69.24924924924925,44.08445576993083,5995.0,1.8462912E7
