learning evaluation instances,evaluation time (cpu seconds),model cost (RAM-Hours),classified instances,classifications correct (percent),Kappa Statistic (percent),Kappa Temporal Statistic (percent),Kappa M Statistic (percent),model training instances,model serialized size (bytes)
100.0,4.923837603,3.059429887476977E-5,100.0,100.0,?,?,?,100.0,2.4018128E7
200.0,10.355940673,6.66192408386988E-5,200.0,99.0,79.50819672131144,50.0,66.66666666666666,200.0,2.5635256E7
300.0,15.749525172,1.024082787694673E-4,300.0,98.33333333333333,60.691823899371045,-25.00000000000063,16.666666666666483,300.0,2.5649264E7
400.0,21.106348539,1.3796279019840047E-4,400.0,98.0,49.04458598726111,-100.0,-33.33333333333333,400.0,2.5656048E7
500.0,26.493946789,1.737287871814797E-4,500.0,97.0,33.392539964475915,-150.0,-87.5,500.0,2.5661232E7
600.0,31.869096609,2.0942106607923768E-4,600.0,96.33333333333334,29.637526652452102,-175.0000000000002,-119.99999999999906,600.0,2.5667648E7
700.0,37.247839617,2.4515745348852237E-4,700.0,96.42857142857143,54.3795620437957,-108.33333333333344,-13.636363636363427,700.0,2.56822E7
800.0,42.634975139,2.8101321839077523E-4,800.0,95.25,81.62386962619082,-192.30769230769246,68.85245901639344,800.0,2.5727848E7
900.0,48.059273125,3.1714079149064374E-4,900.0,94.77777777777779,84.75741589552887,-67.8571428571428,76.6169154228856,900.0,2.574528E7
1000.0,53.486078681,3.5329852096972037E-4,1000.0,94.19999999999999,84.57733932512562,9.374999999999844,77.43190661478597,1000.0,2.5754864E7
1100.0,58.938494782,3.896407117631396E-4,1100.0,89.27272727272727,72.61892205463558,-22.916666666666686,63.69230769230768,1100.0,2.5764664E7
1200.0,64.41890421,4.2617977496889114E-4,1200.0,88.08333333333334,69.46097554030582,-22.22222222222216,60.16713091922007,1200.0,2.577192E7
1300.0,69.884079479,4.6262408916149505E-4,1300.0,85.38461538461539,63.481526383488315,-52.00000000000004,54.65393794749402,1300.0,2.5776744E7
1400.0,75.344433541,4.990500628710757E-4,1400.0,83.78571428571429,60.7198477245198,-56.55172413793109,52.51046025104602,1400.0,2.578652E7
1500.0,80.920429928,5.362550673640348E-4,1500.0,81.46666666666667,55.784585043102076,-55.307262569832474,48.03738317757009,1500.0,2.5791776E7
1600.0,86.484994553,5.733901522126033E-4,1600.0,79.375,51.47094506658038,-47.98206278026906,44.44444444444443,1600.0,2.5796192E7
1700.0,92.080710093,6.10738137024788E-4,1700.0,77.70588235294117,48.50345921199025,-57.916666666666586,41.960183767228195,1700.0,2.5799656E7
1800.0,97.730329126,6.4846215898749E-4,1800.0,77.44444444444444,48.30220713073006,-42.95774647887319,42.00000000000001,1800.0,2.5810784E7
1900.0,103.368247802,6.861130135417502E-4,1900.0,76.84210526315789,48.11810206584283,-45.69536423841065,42.70833333333332,1900.0,2.5814184E7
2000.0,108.993684971,7.236855093521711E-4,2000.0,76.8,48.05473955721144,-38.92215568862271,42.57425742574259,2000.0,2.5817616E7
2100.0,114.627187621,7.613200128705782E-4,2100.0,76.47619047619048,48.54595450379134,-33.1536388140162,43.99092970521542,2100.0,2.58232E7
2200.0,120.282261477,7.991020750189843E-4,2200.0,76.0909090909091,48.682699258089826,-32.16080402010053,44.921465968586375,2200.0,2.582556E7
2300.0,125.968523555,8.370966038873076E-4,2300.0,75.8695652173913,48.70197717408775,-36.363636363636374,45.32019704433496,2300.0,2.5828344E7
2400.0,131.70739845,8.754499267554684E-4,2400.0,75.54166666666666,48.24135224978174,-36.19489559164737,45.03745318352058,2400.0,2.5833224E7
2500.0,137.487167438,9.140811412015432E-4,2500.0,76.08,49.57868692782772,-30.28322440087145,46.511627906976756,2500.0,2.5836296E7
2600.0,143.240682675,9.525425827311553E-4,2600.0,75.88461538461539,50.360224843638655,-36.601307189542496,48.52216748768473,2600.0,2.5840128E7
2700.0,148.895954661,9.903538362644275E-4,2700.0,75.96296296296296,51.451119203668696,-41.39433551198252,50.758725341426405,2700.0,2.5844608E7
2800.0,154.57934616,0.0010283581199199525,2800.0,76.32142857142857,52.86836757595547,-44.444444444444436,52.02604920405211,2800.0,2.5848024E7
2900.0,160.267265683,0.0010664020405714287,2900.0,76.20689655172413,53.168093077771395,-50.32679738562096,50.07235890014471,2900.0,2.5854384E7
3000.0,165.955003635,0.0011044502910942514,3000.0,76.3,53.7378835764932,-54.901960784313694,48.552821997105646,3000.0,2.5858152E7
3100.0,171.645231978,0.001142520029520437,3100.0,76.6774193548387,54.71952896834953,-57.516339869281076,47.68451519536902,3100.0,2.5861432E7
3200.0,177.353492477,0.001180712512624407,3200.0,76.625,54.77794034073734,-61.55507559395252,46.10951008645532,3200.0,2.5862856E7
3300.0,183.110789455,0.0012192367678661345,3300.0,76.9090909090909,55.325052614672984,-61.0993657505286,46.37579169598874,3300.0,2.5865328E7
3400.0,188.906993062,0.001258022837592651,3400.0,77.14705882352942,55.797314843321246,-62.89308176100632,45.55010511562719,3400.0,2.5866312E7
3500.0,194.71915556,0.001296917153862477,3500.0,77.45714285714286,56.36787310327044,-62.34567901234562,46.39945652173913,3500.0,2.586728E7
3600.0,200.523145654,0.0013357591236884438,3600.0,77.66666666666666,56.73018706300762,-63.083164300202895,46.93069306930691,3600.0,2.586884E7
3700.0,206.345344111,0.0013747268050025234,3700.0,77.97297297297298,57.280637383373524,-63.98390342052317,47.789878283151836,3700.0,2.58714E7
3800.0,212.188128685,0.0014138341545544611,3800.0,78.26315789473685,57.83251496241763,-59.45945945945949,47.886435331230295,3800.0,2.5872648E7
3900.0,218.069643451,0.0014532020991476792,3900.0,78.56410256410257,58.38535589302112,-56.26168224299069,48.93097128894319,3900.0,2.5873544E7
4000.0,223.960318593,0.0014926337482668755,4000.0,78.75,58.739396328243146,-58.87850467289717,48.07574832009773,4000.0,2.5875112E7
4100.0,229.810930988,0.0015318013257323616,4100.0,79.19512195121952,59.53118990081422,-58.8454376163873,48.20886460230724,4100.0,2.5877824E7
4200.0,235.71490953,0.0015713273174006437,4200.0,79.35714285714286,59.797297297297305,-58.500914076782394,48.021582733812956,4200.0,2.5878576E7
4300.0,241.6052081,0.0016107640527124388,4300.0,79.6046511627907,60.18905212129402,-60.036496350364956,47.48502994011975,4300.0,2.5880104E7
4400.0,247.50578556,0.0016502710360517489,4400.0,79.81818181818183,60.550675097169425,-59.13978494623652,48.00936768149884,4400.0,2.588104E7
4500.0,253.442912255,0.0016900249199080914,4500.0,80.0,60.86948204141112,-60.42780748663093,48.30557151062608,4500.0,2.5882464E7
4600.0,259.391467044,0.0017298571584960635,4600.0,80.17391304347827,61.11607396918019,-62.277580071174384,47.796222095020035,4600.0,2.5883656E7
4700.0,265.333767847,0.0017696489216383602,4700.0,80.53191489361701,61.76300084645094,-61.94690265486731,48.854108440469524,4700.0,2.5884568E7
4800.0,271.290530934,0.0018095756850137988,4800.0,80.6875,62.015396671737435,-60.65857885615247,48.92561983471075,4800.0,2.5909328E7
4900.0,277.236576763,0.0018494333573943803,4900.0,80.85714285714286,62.25532520845307,-60.891938250428815,48.77116329874387,4900.0,2.5911112E7
5000.0,283.232544922,0.00188962720904784,5000.0,80.88,62.15623331964728,-61.7597292724197,48.01522566612289,5000.0,2.5912104E7
5100.0,289.20962913,0.0019296973424047204,5100.0,81.19607843137256,62.65274050950921,-61.72006745362552,48.21814254859613,5100.0,2.591396E7
5200.0,295.191889319,0.001969804131516454,5200.0,81.28846153846155,62.712350056422295,-62.98157453936349,47.57543103448277,5200.0,2.5915224E7
5300.0,301.213889942,0.0020101787976299023,5300.0,81.41509433962264,62.83435906373196,-63.3499170812604,47.09989258861438,5300.0,2.5916152E7
5400.0,307.271127182,0.0020507931685570463,5400.0,81.35185185185185,62.63259799717652,-65.3530377668309,46.54989384288748,5400.0,2.591836E7
5500.0,313.31202659,0.0020913027810883743,5500.0,81.54545454545455,62.88602522726451,-65.04065040650408,46.52265542676501,5500.0,2.5921424E7
5600.0,319.375791103,0.0021319692760571572,5600.0,81.83928571428571,63.27809658907731,-64.82982171799023,46.473684210526315,5600.0,2.5923688E7
5700.0,325.455387783,0.002172743660285914,5700.0,82.05263157894737,63.573128111942204,-63.157894736842145,46.801872074882986,5700.0,2.5924776E7
5800.0,331.576133357,0.0022137954769584326,5800.0,82.34482758620689,64.02786629016416,-60.2503912363067,47.18927282104177,5800.0,2.5925696E7
5900.0,337.706732947,0.002254915769807508,5900.0,82.59322033898306,64.46391791272362,-58.73261205564141,47.788510421962386,5900.0,2.59272E7
6000.0,343.852055722,0.002296140018553116,6000.0,82.68333333333334,64.54458157715074,-58.14307458143071,47.71011575239054,6000.0,2.5930472E7
6100.0,350.018812765,0.0023375108356144736,6100.0,82.70491803278689,64.5522305848345,-57.22801788375557,47.95263936852493,6100.0,2.5932216E7
6200.0,356.189386731,0.002378910068745747,6200.0,82.87096774193549,64.86012950369016,-54.136429608127756,48.57142857142857,6200.0,2.5933976E7
6300.0,362.36893366,0.002420371318795345,6300.0,83.07936507936508,65.23264124763658,-52.50357653791139,49.165474487362886,6300.0,2.5935112E7
6400.0,368.548230654,0.0024618321963713083,6400.0,83.21875,65.44904926074054,-51.909476661951935,49.315714959886726,6400.0,2.5935928E7
6500.0,374.797405967,0.002503764286395617,6500.0,83.41538461538461,65.82092937609903,-50.980392156862806,49.976798143851504,6500.0,2.5937384E7
6600.0,381.049553818,0.00254572164033541,6600.0,83.5,65.99840480035877,-50.83102493074798,50.27397260273971,6600.0,2.5940672E7
6700.0,387.41731408,0.0025884568309948327,6700.0,83.70149253731344,66.37998702143615,-49.384404924760545,50.87719298245615,6700.0,2.5941872E7
6800.0,394.219554365,0.0026341115981619334,6800.0,83.83823529411765,66.58623971167195,-48.71447902571047,51.00312082032992,6800.0,2.5943976E7
6900.0,400.545528821,0.0026765715019840355,6900.0,83.88405797101449,66.54543995877043,-50.0674763832659,50.467706013363035,6900.0,2.5945016E7
7000.0,407.037395107,0.002720147477313083,7000.0,83.95714285714286,66.67188429814574,-49.93324432576776,50.72400175515577,7000.0,2.5946568E7
7100.0,413.540722045,0.0027638018885174456,7100.0,83.98591549295774,66.64327380605091,-51.19680851063833,50.39267015706804,7100.0,2.5947464E7
7200.0,420.037953914,0.0028074165153175556,7200.0,84.19444444444444,66.94552280382135,-51.128818061088886,50.629067245119316,7200.0,2.5948136E7
7300.0,426.350445949,0.002849795841064731,7300.0,84.28767123287672,67.13054712990647,-51.51915455746361,50.919982884039385,7300.0,2.5951088E7
7400.0,432.642925152,0.002892041304235075,7400.0,84.20270270270271,66.84053542726132,-54.42536327608981,49.9786050492084,7400.0,2.5951392E7
7500.0,438.942085401,0.002934332703620188,7500.0,84.37333333333333,67.02972973155448,-54.41370223978927,49.89311671654553,7500.0,2.5952056E7
7600.0,445.248878351,0.0029766761829159655,7600.0,84.57894736842105,67.27385462716437,-54.41370223978914,49.893116716545535,7600.0,2.5952568E7
7700.0,451.544459448,0.003018946054174259,7700.0,84.72727272727273,67.41147760042928,-54.94071146245064,49.7221034630184,7700.0,2.5953592E7
7800.0,457.861488186,0.003061360478556405,7800.0,84.92307692307692,67.637446827127,-54.94071146245057,49.72210346301838,7800.0,2.5953928E7
7900.0,464.176232416,0.0031037604919682774,7900.0,85.11392405063292,67.85469981076957,-54.940711462450494,49.7221034630184,7900.0,2.5954496E7
8000.0,470.50685445,0.003146268819294363,8000.0,85.2625,67.99308933063614,-55.33596837944661,49.59384352287302,8000.0,2.5955536E7
8100.0,476.837276516,0.0031887769830251694,8100.0,85.44444444444444,68.19492061901926,-55.335968379446584,49.59384352287303,8100.0,2.5956256E7
8200.0,483.145139224,0.003231134589768042,8200.0,85.6219512195122,68.38939111894845,-55.33596837944671,49.59384352287302,8200.0,2.5956824E7
8300.0,489.444473436,0.003273435918065452,8300.0,85.77108433734941,68.53091176661323,-55.59947299077723,49.50833689610947,8300.0,2.5957432E7
8400.0,495.764211705,0.003315890743815155,8400.0,85.91666666666666,68.66652431248416,-55.86297760210817,49.42283026934587,8400.0,2.5967512E7
8500.0,502.097613401,0.003358438590043602,8500.0,86.03529411764706,68.7512698329321,-56.38998682476942,49.2518170158187,8500.0,2.5968264E7
8600.0,508.418720314,0.003400904559336683,8600.0,86.19767441860465,68.92122598490201,-56.38998682476944,49.25181701581874,8600.0,2.5968704E7
8700.0,514.741502362,0.0034433826591311733,8700.0,86.35632183908046,69.08549907569926,-56.38998682476942,49.25181701581875,8700.0,2.596924E7
8800.0,521.074597984,0.003485931489978433,8800.0,86.48863636363636,69.23487662724486,-55.832241153342146,49.296375266524514,8800.0,2.597012E7
8900.0,527.418071568,0.0035285516861064113,8900.0,86.64044943820225,69.42418500418096,-55.42483660130717,49.42577626541897,8900.0,2.597112E7
9000.0,533.763395602,0.0035711866787577697,9000.0,86.74444444444444,69.48647242136394,-55.947712418300696,49.2556358996172,9000.0,2.597256E7
9100.0,540.129355287,0.003613963262852243,9100.0,86.82417582417582,69.50180514295234,-56.73202614379084,49.00042535091449,9100.0,2.5974344E7
9200.0,546.488343059,0.003656694301509166,9200.0,86.86956521739131,69.44978663286324,-57.908496732025995,48.6176095278605,9200.0,2.5975136E7
9300.0,552.83847944,0.0036993693828411274,9300.0,86.82795698924731,69.37377495099804,-57.4550128534705,48.572628043660785,9300.0,2.597728E7
9324.0,555.039381692,0.0037141602555083885,9324.0,86.85113685113686,69.40818645616615,-56.77749360613803,48.638458315877685,9324.0,2.5977384E7
