learning evaluation instances,evaluation time (cpu seconds),model cost (RAM-Hours),classified instances,classifications correct (percent),Kappa Statistic (percent),Kappa Temporal Statistic (percent),Kappa M Statistic (percent),model training instances,model serialized size (bytes)
100.0,0.560533273,4.506921945357074E-8,100.0,100.0,?,?,?,100.0,310800.0
200.0,0.869688145,7.161507205097626E-8,200.0,97.5,53.271028037383125,-25.0,16.666666666666664,200.0,331912.0
300.0,1.061185323,8.80680522735541E-8,300.0,96.33333333333334,33.57487922705311,-175.0000000000002,-83.33333333333296,300.0,332112.0
400.0,1.209409383,1.0080464336418856E-7,400.0,96.5,28.49846782431053,-250.0,-133.33333333333331,400.0,332152.0
500.0,1.33746803,1.118042211597392E-7,500.0,95.19999999999999,18.077553249590284,-300.0,-200.0,500.0,332024.0
600.0,1.448966409,1.2138574167748497E-7,600.0,95.16666666666667,23.751095530236817,-262.5000000000007,-189.99999999999912,600.0,332176.0
700.0,1.55331394,1.3037306009163663E-7,700.0,94.28571428571428,32.75696445725267,-233.33333333333374,-81.81818181818163,700.0,332928.0
800.0,1.651439422,1.3884519570929514E-7,800.0,94.0,77.54280902030503,-269.23076923076985,60.65573770491799,800.0,333744.0
900.0,1.757158537,1.4797580852816085E-7,900.0,93.66666666666667,81.96735141519382,-103.57142857142878,71.64179104477611,900.0,333848.0
1000.0,1.870830803,1.577940146539153E-7,1000.0,93.0,81.7635197448977,-9.375000000000016,72.76264591439691,1000.0,333872.0
1100.0,2.009845323,1.6980542096688098E-7,1100.0,88.9090909090909,72.42371314086097,-27.083333333333375,62.46153846153844,1100.0,333992.0
1200.0,2.171219669,1.8375181082966836E-7,1200.0,88.25,70.79011697764027,-20.51282051282052,60.724233983286894,1200.0,334064.0
1300.0,2.326295744,1.9715645533478917E-7,1300.0,87.0,68.81706389308383,-35.20000000000002,59.665871121718375,1300.0,334128.0
1400.0,2.467541403,2.093708722121682E-7,1400.0,86.57142857142858,68.82019011154603,-29.655172413793096,60.66945606694563,1400.0,334272.0
1500.0,2.60394803,2.21162027761367E-7,1500.0,84.73333333333333,65.09004431074436,-27.93296089385475,57.19626168224301,1500.0,334136.0
1600.0,2.73401788,2.3240677052863145E-7,1600.0,83.125,61.909867460446236,-21.076233183856445,54.545454545454554,1600.0,334176.0
1700.0,2.838532809,2.4144073611642335E-7,1700.0,82.29411764705883,60.68636369223962,-25.416666666666583,53.9050535987749,1700.0,334120.0
1800.0,2.944113904,2.505683875618668E-7,1800.0,82.33333333333334,61.135252580119506,-11.971830985915464,54.57142857142857,1800.0,334176.0
1900.0,3.022237417,2.5732228792970793E-7,1900.0,82.52631578947368,62.38234045293856,-9.933774834437118,56.77083333333333,1900.0,334176.0
2000.0,3.089928084,2.631770542391017E-7,2000.0,82.8,63.07618327952187,-2.9940119760479065,57.42574257425742,2000.0,334336.0
2100.0,3.156137961,2.6890524994658305E-7,2100.0,83.38095238095238,64.96265360212031,5.929919137466275,60.43083900226757,2100.0,334424.0
2200.0,3.223102166,2.7469953842712357E-7,2200.0,83.72727272727273,66.16097169053357,10.05025125628141,62.5130890052356,2200.0,334472.0
2300.0,3.317986251,2.8290280930698745E-7,2300.0,84.04347826086956,67.03017709415597,9.828009828009833,63.8423645320197,2300.0,334192.0
2400.0,3.405308759,2.9045306157574883E-7,2400.0,84.33333333333334,67.7684816897545,12.761020881670552,64.7940074906367,2400.0,334224.0
2500.0,3.476851404,2.9664084880803814E-7,2500.0,84.64,68.47025562740251,16.339869281045768,65.65295169946333,2500.0,334328.0
2600.0,3.53978619,3.0208530688290584E-7,2600.0,85.0,69.61670302274851,15.032679738562077,67.98029556650246,2600.0,334400.0
2700.0,3.603212852,3.075725794503817E-7,2700.0,85.4074074074074,70.70473857325082,14.161220043573019,70.10622154779969,2700.0,334416.0
2800.0,3.668571532,3.1322699796306383E-7,2800.0,85.71428571428571,71.47310831049484,12.854030501089293,71.05643994211287,2800.0,334416.0
2900.0,3.739940598,3.1940184007427136E-7,2900.0,85.86206896551725,71.84252654712175,10.675381263616574,70.33285094066571,2900.0,334440.0
3000.0,3.807050364,3.2520914035048126E-7,3000.0,86.23333333333333,72.58599677669733,10.02178649237471,70.11577424023154,3000.0,334496.0
3100.0,3.866749805,3.303753164910649E-7,3100.0,86.58064516129032,73.2286838377313,9.368191721132925,69.89869753979741,3100.0,334504.0
3200.0,3.924847066,3.3540332665749513E-7,3200.0,86.5625,73.12945043477174,7.127429805615515,69.02017291066281,3200.0,334536.0
3300.0,3.985924087,3.4068896645579486E-7,3300.0,86.24242424242425,72.45936644410385,4.016913319238888,68.05066854327939,3300.0,334520.0
3400.0,4.04428188,3.4573928273139936E-7,3400.0,86.32352941176471,72.50159320307566,2.515723270440259,67.41415557112825,3400.0,334520.0
3500.0,4.119360431,3.5223662282210674E-7,3500.0,86.42857142857143,72.70102391275363,2.263374485596766,67.73097826086958,3500.0,334520.0
3600.0,4.191041628,3.5843995398413186E-7,3600.0,86.61111111111111,73.05393406040504,2.2312373225152378,68.1848184818482,3600.0,334520.0
3700.0,4.251649949,3.6368503222044146E-7,3700.0,86.86486486486487,73.55330768966037,2.2132796780683885,68.86611146700832,3700.0,334520.0
3800.0,4.312389398,3.6894158405443864E-7,3800.0,87.0,73.75958400022365,4.6332046332046,68.83280757097792,3800.0,334528.0
3900.0,4.373790334,3.7425589101792215E-7,3900.0,87.33333333333333,74.45004470512784,7.663551401869102,69.82284667073915,3900.0,334560.0
4000.0,4.431832151,3.7927994366560553E-7,4000.0,87.45,74.56531128993646,6.1682242990654865,69.33414783139892,4000.0,334592.0
4100.0,4.490072482,3.843211795242711E-7,4100.0,87.04878048780488,73.70418433329338,1.1173184357541908,67.75956284153006,4100.0,334592.0
4200.0,4.548513149,3.893790306099298E-7,4200.0,87.04761904761905,73.64078368829674,0.5484460694698845,67.38609112709834,4200.0,334544.0
4300.0,4.609475069,3.946545833357217E-7,4300.0,87.27906976744187,73.96057054038377,0.18248175182485615,67.24550898203594,4300.0,334512.0
4400.0,4.66783397,3.997035461392855E-7,4400.0,87.25,73.8868149361833,-0.5376344086020992,67.15456674473069,4400.0,334424.0
4500.0,4.726683078,4.047962592972671E-7,4500.0,87.4,74.17155633910889,-1.069518716577511,67.43251005169442,4500.0,334512.0
4600.0,4.791085603,4.1036929022127773E-7,4600.0,87.58695652173914,74.41982495704174,-1.601423487544466,67.31539782484259,4600.0,334496.0
4700.0,4.863568445,4.166421462040251E-7,4700.0,87.80851063829788,74.87164768689651,-1.4159292035398068,67.97093348239241,4700.0,334528.0
4800.0,4.954954705,4.245547364207876E-7,4800.0,87.75,74.70620972230063,-1.9064124783362422,67.60330578512395,4800.0,334688.0
4900.0,5.015946802,4.298360563585246E-7,4900.0,87.83673469387755,74.79223272075916,-2.229845626072068,67.44948115783724,4900.0,334712.0
5000.0,5.075035448,4.3495255602918994E-7,5000.0,87.8,74.56992744675235,-3.2148900169204966,66.82979880369766,5000.0,334712.0
5100.0,5.143962231,4.4092065698007965E-7,5100.0,87.94117647058823,74.75788006431851,-3.7099494097807417,66.792656587473,5100.0,334696.0
5200.0,5.211824069,4.467957058190039E-7,5200.0,88.03846153846155,74.81869209171154,-4.187604690117239,66.48706896551725,5200.0,334648.0
5300.0,5.29196036,4.537330674853964E-7,5300.0,88.11320754716981,74.83125862702143,-4.477611940298497,66.1654135338346,5300.0,334632.0
5400.0,5.353475426,4.590583983117758E-7,5400.0,88.16666666666667,74.84375218711945,-4.92610837438422,66.08280254777071,5400.0,334632.0
5500.0,5.412930183,4.6420266208655116E-7,5500.0,88.21818181818182,74.83751700797463,-5.36585365853659,65.85879873551107,5500.0,334456.0
5600.0,5.469961904,4.691375111453237E-7,5600.0,88.39285714285714,75.02538628317369,-5.348460291734197,65.78947368421052,5600.0,334472.0
5700.0,5.526542732,4.740331110689294E-7,5700.0,88.3859649122807,74.90145558786824,-5.582137161084547,65.5746229849194,5700.0,334456.0
5800.0,5.584564886,4.790546211223927E-7,5800.0,88.39655172413792,74.78796415620222,-5.320813771517975,65.29138731304795,5800.0,334536.0
5900.0,5.651738681,4.848692694092978E-7,5900.0,88.42372881355932,74.77299009024304,-5.56414219474499,65.27707168276564,5900.0,334600.0
6000.0,5.711985569,4.900843159032552E-7,6000.0,88.55,74.95167167511697,-4.566210045662103,65.42526421741319,6000.0,334600.0
6100.0,5.773764569,4.954328789485185E-7,6100.0,88.21311475409837,74.21442143979232,-7.15350223546942,64.52886038480514,6100.0,334656.0
6200.0,5.838724212,5.010568085359721E-7,6200.0,88.09677419354838,73.93362633982107,-7.11175616835997,64.26150121065375,6200.0,334656.0
6300.0,5.89820769,5.06206635050395E-7,6300.0,88.19047619047619,74.1026168887934,-6.437768240343428,64.52074391988553,6300.0,334656.0
6400.0,5.957008872,5.112973912792592E-7,6400.0,88.28125,74.2371651435285,-6.0820367751060775,64.60594620103822,6400.0,334656.0
6500.0,6.018749191,5.166426054880707E-7,6500.0,88.38461538461539,74.46048257328007,-5.742296918767545,64.96519721577727,6500.0,334656.0
6600.0,6.078583071,5.218222729870699E-7,6600.0,88.34848484848486,74.38645894838838,-6.5096952908586925,64.88584474885846,6600.0,334624.0
6700.0,6.138353956,5.26995992359753E-7,6700.0,88.44776119402985,74.60824136830526,-5.882352941176464,65.18218623481782,6700.0,334592.0
6800.0,6.1981078,5.321688550117716E-7,6800.0,88.55882352941177,74.77749857663358,-5.277401894451965,65.31431119037005,6800.0,334632.0
6900.0,6.255553395,5.371418936149197E-7,6900.0,88.57971014492753,74.68638483008098,-6.342780026990566,64.89977728285079,6900.0,334632.0
7000.0,6.315630329,5.42343472032278E-7,7000.0,88.68571428571428,74.90793011695604,-5.740987983978615,65.24791575252306,7000.0,334680.0
7100.0,6.381282834,5.480275225394281E-7,7100.0,88.76056338028168,74.98404326526892,-6.117021276595757,65.18324607329842,7100.0,334664.0
7200.0,6.441640068,5.532538695415792E-7,7200.0,88.86111111111111,75.09141645138094,-6.507304116865824,65.2060737527115,7200.0,334712.0
7300.0,6.505169612,5.587551705704567E-7,7300.0,88.8082191780822,74.9501447356705,-7.926023778071299,65.04065040650407,7300.0,334728.0
7400.0,6.564549132,5.638971028731701E-7,7400.0,88.93243243243244,75.06446391107173,-8.190224570673736,64.9550706033376,7400.0,334728.0
7500.0,6.622571145,5.689212425430119E-7,7500.0,89.0,75.07378160644492,-8.695652173913077,64.72851646002566,7500.0,334712.0
7600.0,6.681166593,5.739947935446103E-7,7600.0,89.14473684210526,75.2322323856535,-8.69565217391299,64.72851646002566,7600.0,334696.0
7700.0,6.738585468,5.789665885196005E-7,7700.0,89.25974025974025,75.33074674010534,-8.95915678524377,64.64300983326208,7700.0,334704.0
7800.0,6.797674932,5.840830367291843E-7,7800.0,89.3974358974359,75.47785601662696,-8.959156785243755,64.64300983326207,7800.0,334704.0
7900.0,6.861269128,5.895895414127286E-7,7900.0,89.53164556962025,75.61956232612057,-8.959156785243696,64.64300983326208,7900.0,334704.0
8000.0,6.92033486,5.94704179197554E-7,8000.0,89.5625,75.54544995273828,-10.01317523056648,64.30098332620778,8000.0,334720.0
8100.0,6.978455299,5.997369618841386E-7,8100.0,89.69135802469135,75.67863214915523,-10.01317523056649,64.3009833262078,8100.0,334720.0
8200.0,7.035360388,6.0466438684371E-7,8200.0,89.8170731707317,75.8071753790751,-10.013175230566548,64.3009833262078,8200.0,334712.0
8300.0,7.093435762,6.096931470550164E-7,8300.0,89.93975903614458,75.93131786843958,-10.013175230566548,64.30098332620776,8300.0,334712.0
8400.0,7.159336045,6.15399467965911E-7,8400.0,90.02380952380953,75.97439835820961,-10.4084321475626,64.17272338606244,8400.0,334712.0
8500.0,7.216212,6.203241347840078E-7,8500.0,90.11764705882352,76.03993880452717,-10.671936758893294,64.08721675929883,8500.0,334696.0
8600.0,7.272315586,6.251821574114368E-7,8600.0,90.2093023255814,76.1023079430751,-10.93544137022397,64.00171013253528,8600.0,334712.0
8700.0,7.329583166,6.3014097055144E-7,8700.0,90.29885057471265,76.16165816269717,-11.198945981554722,63.9162035057717,8700.0,334712.0
8800.0,7.386151705,6.35039487716978E-7,8800.0,90.36363636363637,76.20331522156805,-11.1402359108781,63.837953091684454,8800.0,334728.0
8900.0,7.444286344,6.40073620330052E-7,8900.0,90.3932584269663,76.1689685427253,-11.764705882352919,63.632496809868144,8900.0,334728.0
9000.0,7.50112938,6.449959073911919E-7,9000.0,90.37777777777778,76.00046853588755,-13.202614379084999,63.164610803913234,9000.0,334728.0
9100.0,7.558649738,6.499764895928467E-7,9100.0,90.46153846153845,76.05178209389551,-13.464052287581673,63.07954062101233,9100.0,334704.0
9200.0,7.615523337,6.549010701200306E-7,9200.0,90.5,76.00364183113629,-14.248366013071797,62.824330072309664,9200.0,334704.0
9300.0,7.677222676,6.602435026145791E-7,9300.0,90.40860215053763,75.81458290038883,-14.652956298200598,62.55247691015951,9300.0,334704.0
9324.0,7.697295337,6.619815574805876E-7,9324.0,90.41184041184042,75.80707879956134,-14.32225063938613,62.54713028906579,9324.0,334704.0
