learning evaluation instances,evaluation time (cpu seconds),model cost (RAM-Hours),classified instances,classifications correct (percent),Kappa Statistic (percent),Kappa Temporal Statistic (percent),Kappa M Statistic (percent),model training instances,model serialized size (bytes)
100.0,8.260096437,5.221475469053659E-5,100.0,100.0,?,?,?,100.0,2.4434896E7
200.0,17.072895565,1.1161017639818618E-4,200.0,99.0,82.81786941580755,50.0,66.66666666666666,200.0,2.6052024E7
300.0,25.841609405,1.7074025425702527E-4,300.0,97.33333333333334,54.33789954337909,-100.0,-33.333333333332966,300.0,2.6066032E7
400.0,34.575004218,2.2964749261345893E-4,400.0,96.75,42.196531791907645,-224.99999999999946,-116.6666666666663,400.0,2.6072816E7
500.0,43.355919521,2.888872535444977E-4,500.0,94.8,25.934366453965346,-333.33333333333337,-225.0,500.0,2.6078096E7
600.0,52.14821787,3.482184029744267E-4,600.0,93.83333333333333,25.453324378777754,-362.5000000000007,-269.99999999999875,600.0,2.6084512E7
700.0,60.935076427,4.075459233626287E-4,700.0,94.0,43.609022556390954,-250.00000000000065,-90.90909090909082,700.0,2.6099064E7
800.0,69.746414888,4.671425640695385E-4,800.0,90.25,62.0253164556962,-500.0000000000007,36.065573770491774,800.0,2.6144616E7
900.0,78.611825475,5.271449087602163E-4,900.0,87.66666666666667,62.09706792933895,-296.42857142857156,44.7761194029851,900.0,2.6162048E7
1000.0,87.487169094,5.872364870247342E-4,1000.0,86.7,62.450592885375485,-107.81250000000017,48.249027237354085,1000.0,2.6171632E7
1100.0,96.362487174,6.473503936755099E-4,1100.0,82.45454545454545,52.937264464642,-101.0416666666666,40.61538461538462,1100.0,2.6181432E7
1200.0,105.222580246,7.073778105521227E-4,1200.0,81.5,50.062421972534324,-89.74358974358974,38.161559888579376,1200.0,2.6188688E7
1300.0,113.983560859,7.667446707768802E-4,1300.0,78.53846153846153,43.72311836298975,-123.20000000000006,33.41288782816228,1300.0,2.6193512E7
1400.0,122.801718327,8.26521279030439E-4,1400.0,76.28571428571429,39.53081742678129,-128.96551724137936,30.543933054393314,1400.0,2.6203288E7
1500.0,131.953383453,8.885711159152186E-4,1500.0,74.33333333333333,35.9940593620464,-115.08379888268168,28.037383177570085,1500.0,2.6208544E7
1600.0,140.931361848,9.494535840407426E-4,1600.0,72.4375,32.62160768510913,-97.75784753363226,25.75757575757575,1600.0,2.621296E7
1700.0,150.025385935,0.00101113114366398,1700.0,71.23529411764706,31.26275438486245,-103.7499999999999,25.114854517611047,1700.0,2.6216424E7
1800.0,159.268456662,0.001073846177698722,1800.0,70.83333333333334,30.77937298564313,-84.85915492957741,25.0,1800.0,2.6227552E7
1900.0,168.405178709,0.0011358476632449964,1900.0,70.0,30.723646840281855,-88.74172185430467,25.78124999999999,1900.0,2.6230952E7
2000.0,177.458671904,0.0011972923988700869,2000.0,70.05,30.78409258985359,-79.34131736526942,25.866336633663373,2000.0,2.6234384E7
2100.0,186.555064996,0.0012590414303397012,2100.0,69.14285714285714,30.609097918272937,-74.66307277628037,26.530612244897956,2100.0,2.6239968E7
2200.0,195.717293222,0.00132124296419887,2200.0,68.45454545454545,30.68790034456304,-74.3718592964824,27.329842931937176,2200.0,2.6242328E7
2300.0,204.867049265,0.0013833616434355501,2300.0,68.47826086956522,31.578515448689032,-78.1326781326781,28.57142857142858,2300.0,2.6243096E7
2400.0,214.11058253,0.0014461306072266868,2400.0,68.45833333333333,31.931193856722807,-75.63805104408355,29.119850187265904,2400.0,2.6248792E7
2500.0,223.527953817,0.001510090440023869,2500.0,69.04,33.49546463127274,-68.62745098039215,30.769230769230777,2500.0,2.6253064E7
2600.0,232.821866414,0.0015732161463960109,2600.0,68.61538461538461,34.669504552441765,-77.7777777777778,33.00492610837438,2600.0,2.625488E7
2700.0,241.636021022,0.0016330934769748567,2700.0,68.5925925925926,36.30162139304037,-84.74945533769058,35.66009104704097,2700.0,2.625936E7
2800.0,250.526197436,0.0016934997406744608,2800.0,68.82142857142857,38.07789154764739,-90.19607843137258,36.83068017366134,2800.0,2.6264792E7
2900.0,259.658087666,0.0017555634072212933,2900.0,68.48275862068965,38.46998107625767,-99.12854030501094,33.86396526772793,2900.0,2.6271152E7
3000.0,268.793046109,0.0018176568310800825,3000.0,68.36666666666666,39.09998896227408,-106.75381263616556,31.331403762662802,3000.0,2.627492E7
3100.0,277.938215232,0.0018798274204352183,3100.0,68.83870967741935,40.61736052833218,-110.45751633986929,30.101302460202596,3100.0,2.62782E7
3200.0,287.002769432,0.0019414533135863007,3200.0,68.75,40.915281376201264,-115.98272138228947,27.95389048991354,3200.0,2.6279624E7
3300.0,296.008174961,0.002002678143440579,3300.0,69.18181818181817,41.77246551214414,-115.01057082452436,28.430682617874737,3300.0,2.628008E7
3400.0,305.218218207,0.0020653013866602323,3400.0,69.52941176470588,42.67096905658069,-117.19077568134175,27.400140154169588,3400.0,2.628308E7
3500.0,314.538733895,0.0021286781159665174,3500.0,69.88571428571429,43.27303370095401,-116.87242798353903,28.396739130434785,3500.0,2.6284048E7
3600.0,323.805887779,0.002191695740880776,3600.0,70.22222222222221,43.82900683361351,-117.44421906693718,29.240924092409227,3600.0,2.6285608E7
3700.0,333.119068397,0.0022550325203219246,3700.0,70.72972972972973,44.6913281700312,-117.90744466800811,30.62139654067905,3700.0,2.6288168E7
3800.0,342.727991841,0.0023203836803921286,3800.0,71.05263157894737,45.36154838574747,-112.35521235521242,30.5993690851735,3800.0,2.6289416E7
3900.0,351.994925892,0.0023834110876118173,3900.0,71.43589743589743,45.97998103592209,-108.22429906542064,31.94868662186926,3900.0,2.6290312E7
4000.0,361.736159857,0.0024496683129768084,4000.0,71.75,46.71564426326716,-111.21495327102797,30.971288943188767,4000.0,2.629188E7
4100.0,370.988067598,0.002512603765489594,4100.0,72.17073170731707,47.54091227969448,-112.47672253258847,30.722525804493017,4100.0,2.6294592E7
4200.0,380.571574998,0.002577796765793368,4200.0,72.52380952380952,48.17489401451463,-110.96892138939667,30.81534772182254,4200.0,2.6295344E7
4300.0,390.025821593,0.002642109338110128,4300.0,72.86046511627907,48.80931492763263,-112.956204379562,30.119760479041922,4300.0,2.6294888E7
4400.0,399.41319222,0.002705974077508105,4400.0,73.31818181818181,49.58808539342686,-110.3942652329749,31.264637002341917,4400.0,2.6297808E7
4500.0,408.980951484,0.0027710695726830764,4500.0,73.62222222222222,50.113455348577276,-111.5864527629233,31.820792647903495,4500.0,2.6299232E7
4600.0,418.86406757,0.0028383136867018,4600.0,73.91304347826086,50.61881247905548,-113.52313167259793,31.310818546078977,4600.0,2.6300424E7
4700.0,429.766735818,0.0029124973432479782,4700.0,74.34042553191489,51.335538210127915,-113.4513274336284,32.58803801006147,4700.0,2.6301336E7
4800.0,440.634347776,0.002986512082406504,4800.0,74.66666666666667,51.88886168789581,-110.74523396880409,33.00275482093666,4800.0,2.6326096E7
4900.0,451.722635271,0.0030620348674230105,4900.0,74.91836734693878,52.28706137230338,-110.8061749571184,32.8782086291644,4900.0,2.632788E7
5000.0,463.444166011,0.003141873706497381,5000.0,75.24,52.801163272137494,-109.47546531302885,32.68080478520935,5000.0,2.6328872E7
5100.0,474.831396815,0.0032194409966430117,5100.0,75.49019607843137,53.191220655484436,-110.79258010118036,32.505399568034555,5100.0,2.6330728E7
5200.0,485.369787198,0.0032912241239742438,5200.0,75.8076923076923,53.66540266957999,-110.72026800670021,32.2198275862069,5200.0,2.6329976E7
5300.0,497.175725613,0.0033716502522985517,5300.0,76.0377358490566,53.98588472066132,-110.61359867330015,31.79377013963481,5300.0,2.633292E7
5400.0,508.038386163,0.0034456566510256345,5400.0,76.03703703703704,53.92058799323885,-112.47947454844012,31.31634819532909,5400.0,2.6335128E7
5500.0,518.254629621,0.003515267162111778,5500.0,76.38181818181819,54.442002044610064,-111.21951219512194,31.55953635405691,5500.0,2.6338192E7
5600.0,528.567957514,0.0035855452187966434,5600.0,76.75,54.958116088858134,-111.02106969205832,31.473684210526308,5600.0,2.6340456E7
5700.0,538.86548158,0.0036557184819520842,5700.0,77.08771929824562,55.49107794675646,-108.29346092503988,32.08528341133645,5700.0,2.6341544E7
5800.0,549.960639867,0.003731329925042647,5800.0,77.41379310344828,55.97949448608118,-105.00782472613446,32.4394017534812,5800.0,2.6342464E7
5900.0,560.934981411,0.0038061222944295024,5900.0,77.66101694915254,56.38133712219585,-103.70942812983002,32.994407727503805,5900.0,2.6343968E7
6000.0,571.788566428,0.0038801008707479933,6000.0,77.9,56.71113913364169,-101.82648401826472,33.26623049823857,6000.0,2.634724E7
6100.0,582.286572356,0.003951660538704899,6100.0,78.06557377049181,56.968740994294244,-99.4038748137109,33.99111988159842,6100.0,2.6348984E7
6200.0,593.20225384,0.004026072262563479,6200.0,78.25806451612904,57.302478751116915,-95.64586357039192,34.721549636803864,6200.0,2.6350744E7
6300.0,603.601722379,0.004096968041562704,6300.0,78.53968253968254,57.78275605802284,-93.41917024320462,35.52694325226515,6300.0,2.635188E7
6400.0,613.874672008,0.004167003478114606,6400.0,78.734375,58.079455371733935,-92.50353606789248,35.771590372817364,6400.0,2.6352696E7
6500.0,623.90817451,0.004235410272446079,6500.0,79.03076923076922,58.58533351907098,-90.89635854341745,36.75174013921113,6500.0,2.6354152E7
6600.0,634.128204661,0.004305097475304293,6600.0,79.24242424242425,58.961706670152346,-89.75069252077562,37.44292237442923,6600.0,2.635744E7
6700.0,644.528001563,0.004376013680176144,6700.0,79.55223880597015,59.499000116397916,-87.41450068399446,38.37156995051734,6700.0,2.635864E7
6800.0,655.083827346,0.0044479995914369855,6800.0,79.61764705882352,59.571143899668755,-87.5507442489852,38.207757467677204,6800.0,2.6360744E7
6900.0,665.526239067,0.0045192148801060815,6900.0,79.69565217391305,59.59582871831309,-89.0688259109312,37.59465478841872,6900.0,2.6361784E7
7000.0,675.603654297,0.004587945007306982,7000.0,79.84285714285714,59.86174592342935,-88.38451268357818,38.08688021061869,7000.0,2.6363336E7
7100.0,685.5506209,0.004655787752637204,7100.0,80.04225352112677,60.136237411099295,-88.43085106382976,38.1762652705061,7100.0,2.6364232E7
7200.0,695.678594172,0.004724866804836411,7200.0,80.26388888888889,60.44873628625107,-88.71181938911016,38.35140997830803,7200.0,2.6364904E7
7300.0,705.912835361,0.004794678485796161,7300.0,80.41095890410959,60.70962208896841,-88.90356671070012,38.810440735986305,7300.0,2.6367856E7
7400.0,716.001892545,0.004863500604476687,7400.0,80.56756756756756,60.85844810801733,-89.96036988110964,38.468121523320505,7400.0,2.636816E7
7500.0,726.396696786,0.004934410150633355,7500.0,80.80000000000001,61.143847419660055,-89.7233201581028,38.4352287302266,7500.0,2.6368824E7
7600.0,736.769849877,0.005005173374550686,7600.0,81.05263157894737,61.45396598326586,-89.72332015810275,38.435228730226584,7600.0,2.6369336E7
7700.0,746.783943775,0.0050734898334727895,7700.0,81.22077922077922,61.6159458575993,-90.51383399209499,38.17870884993586,7700.0,2.637036E7
7800.0,756.835167426,0.005142060466407497,7800.0,81.46153846153847,61.90258467798079,-90.51383399209483,38.178708849935866,7800.0,2.6370696E7
7900.0,766.932091504,0.005210944356706234,7900.0,81.64556962025317,62.08942817619604,-91.04084321475618,38.00769559640872,7900.0,2.6371264E7
8000.0,777.384396827,0.005282255564163104,8000.0,81.83749999999999,62.2891400379678,-91.43610013175227,37.87943565626336,8000.0,2.6372304E7
8100.0,787.835039976,0.0053535573779654785,8100.0,82.06172839506173,62.54500594987441,-91.43610013175226,37.87943565626337,8100.0,2.6373024E7
8200.0,798.27284156,0.005424773111114819,8200.0,82.26829268292683,62.76979393361351,-91.56785243741777,37.83668234288156,8200.0,2.6373592E7
8300.0,808.855829867,0.0054969810985802175,8300.0,82.42168674698796,62.900617390685234,-92.22661396574429,37.62291577597266,8300.0,2.63742E7
8400.0,819.419154703,0.005569082467719226,8400.0,82.60714285714286,63.08807070112454,-92.49011857707522,37.537409149209076,8400.0,2.638428E7
8500.0,830.539524007,0.005644988180852392,8500.0,82.75294117647059,63.20519947352814,-93.14888010540182,37.3236425823001,8500.0,2.6385032E7
8600.0,841.17447797,0.005717581743574398,8600.0,82.95348837209302,63.420180085892184,-93.1488801054019,37.32364258230013,8600.0,2.6385472E7
8700.0,851.42746792,0.005787569464395818,8700.0,83.14942528735632,63.62780621732893,-93.14888010540182,37.32364258230016,8700.0,2.6386008E7
8800.0,861.89210269,0.005859004271851631,8800.0,83.31818181818181,63.82147439030093,-92.39842726081271,37.39872068230275,8800.0,2.6386888E7
8900.0,872.703176521,0.005932806775456735,8900.0,83.438202247191,63.92851783015018,-92.67973856209156,37.30327520204166,8900.0,2.6387888E7
9000.0,883.892757328,0.006009197350168427,9000.0,83.57777777777777,64.03750416277649,-93.2026143790851,37.13313483623988,9000.0,2.6389328E7
9100.0,895.312005954,0.006087161123082441,9100.0,83.67032967032966,64.06155794339602,-94.24836601307184,36.79285410463632,9100.0,2.6391112E7
9200.0,906.375595002,0.006162698932783629,9200.0,83.75,64.06231219853782,-95.42483660130705,36.41003828158231,9200.0,2.6391904E7
9300.0,917.483869507,0.006238547998362003,9300.0,83.73118279569893,64.03307457207464,-94.47300771208238,36.48194794290511,9300.0,2.6394048E7
9324.0,921.000912091,0.006262563019291013,9324.0,83.75160875160876,64.05696510961843,-93.73401534526852,36.53121072475911,9324.0,2.6394152E7
