learning evaluation instances,evaluation time (cpu seconds),model cost (RAM-Hours),classified instances,classifications correct (percent),Kappa Statistic (percent),Kappa Temporal Statistic (percent),Kappa M Statistic (percent),model training instances,model serialized size (bytes)
100.0,0.501055021,3.990945621125814E-8,100.0,100.0,?,?,?,100.0,307888.0
200.0,0.72527124,5.899306706376581E-8,200.0,97.5,53.271028037383125,-25.0,16.666666666666664,200.0,329000.0
300.0,0.936280087,7.69634826287441E-8,300.0,97.0,38.52459016393431,-125.00000000000063,-50.0,300.0,329200.0
400.0,1.103556108,9.12111547317894E-8,400.0,97.0,31.97278911564641,-200.0,-100.0,400.0,329240.0
500.0,1.204253501,9.978760045645758E-8,500.0,95.0,17.393602960613382,-316.66666666666663,-212.5,500.0,329224.0
600.0,1.283723563,1.0655922908269489E-7,600.0,94.83333333333334,18.492550394391134,-287.5000000000005,-209.99999999999886,600.0,329376.0
700.0,1.382091091,1.1496187249892081E-7,700.0,93.85714285714286,26.556705055631642,-258.3333333333334,-95.45454545454504,700.0,330192.0
800.0,1.474765094,1.229004184912497E-7,800.0,93.25,74.40273037542663,-315.38461538461576,55.73770491803277,800.0,331120.0
900.0,1.560633481,1.3025829902018525E-7,900.0,92.88888888888889,79.50163346358336,-128.57142857142878,68.1592039800995,900.0,331224.0
1000.0,1.637386316,1.3683588141195062E-7,1000.0,92.5,80.33643056400362,-17.187500000000032,70.81712062256811,1000.0,331264.0
1100.0,1.728743847,1.4467243434347834E-7,1100.0,89.0,72.72540983606558,-26.04166666666664,62.76923076923077,1100.0,331576.0
1200.0,1.820721629,1.525631435422082E-7,1200.0,88.58333333333334,71.89935730890195,-17.094017094017026,61.838440111420624,1200.0,331616.0
1300.0,1.908389761,1.6008304226906559E-7,1300.0,88.38461538461539,72.64065740472314,-20.800000000000022,63.961813842482094,1300.0,331568.0
1400.0,2.006113942,1.6846753999671798E-7,1400.0,88.14285714285714,72.92460831554715,-14.482758620689673,65.27196652719665,1400.0,331648.0
1500.0,2.101472537,1.7664611586221808E-7,1500.0,86.8,70.34714803462495,-10.614525139664849,62.99065420560748,1500.0,331528.0
1600.0,2.193931163,1.845784590351706E-7,1600.0,85.25,67.30033808125036,-5.8295964125560085,60.26936026936027,1600.0,331632.0
1700.0,2.282408137,1.9217194929055873E-7,1700.0,84.47058823529412,66.08360904255721,-9.999999999999945,59.571209800918844,1700.0,331752.0
1800.0,2.372038136,1.998653248103998E-7,1800.0,84.5,66.4035322451164,1.7605633802816836,60.14285714285713,1800.0,331792.0
1900.0,2.460678687,2.0747377123165466E-7,1900.0,84.47368421052632,66.96902336742703,2.3178807947019524,61.58854166666665,1900.0,331792.0
2000.0,2.55103174,2.1523033193816746E-7,2000.0,84.55,67.2046936557533,7.485029940119799,61.75742574257427,2000.0,331840.0
2100.0,2.635862495,2.2251194074245174E-7,2100.0,85.04761904761905,68.75248785924688,15.363881401617249,64.39909297052155,2100.0,331800.0
2200.0,2.714038763,2.2922137826526542E-7,2200.0,85.31818181818181,69.6770559519339,18.844221105527623,66.17801047120419,2200.0,331752.0
2300.0,2.770916635,2.3410136174179826E-7,2300.0,85.60869565217392,70.43265496349231,18.6732186732187,67.38916256157637,2300.0,331648.0
2400.0,2.82647198,2.3886971525170123E-7,2400.0,85.66666666666667,70.65547480124202,20.18561484918794,67.79026217228464,2400.0,331776.0
2500.0,2.877769628,2.432723091990522E-7,2500.0,85.8,70.98474664044232,22.65795206971676,68.2468694096601,2500.0,331752.0
2600.0,2.928694324,2.4764363249336065E-7,2600.0,85.76923076923076,71.23701180657876,19.389978213507593,69.6223316912972,2600.0,331808.0
2700.0,2.978489458,2.5191820146512864E-7,2700.0,86.11111111111111,72.1385691359737,18.30065359477129,71.54779969650987,2700.0,331824.0
2800.0,3.029816717,2.5632429280584683E-7,2800.0,86.35714285714286,72.7463226900623,16.775599128540286,72.3589001447178,2800.0,331824.0
2900.0,3.081472533,2.607582677784625E-7,2900.0,86.41379310344828,72.90645066441559,14.16122004357298,71.49059334298119,2900.0,331800.0
3000.0,3.131464015,2.6505010572305783E-7,3000.0,86.66666666666667,73.39751036166972,12.854030501089358,71.05643994211289,3000.0,331856.0
3100.0,3.181242463,2.693237574255612E-7,3100.0,86.90322580645162,73.81011438150585,11.54684095860566,70.62228654124458,3100.0,331864.0
3200.0,3.233900947,2.738448881313102E-7,3200.0,86.59375,73.13633310946945,7.343412526997839,69.09221902017292,3200.0,331880.0
3300.0,3.284334013,2.781749498033793E-7,3300.0,86.45454545454545,72.83139218348599,5.496828752642665,68.5432793807178,3300.0,331880.0
3400.0,3.337745013,2.8276091080126875E-7,3400.0,86.58823529411764,72.96964629359523,4.402515723270394,68.04484933426768,3400.0,331896.0
3500.0,3.390518426,2.872921274746789E-7,3500.0,86.62857142857143,73.03685950195558,3.7037037037037632,68.20652173913044,3500.0,331896.0
3600.0,3.443212018,2.918167086886532E-7,3600.0,86.77777777777777,73.33744101048858,3.4482758620689378,68.58085808580857,3600.0,331912.0
3700.0,3.501887626,2.968546980506844E-7,3700.0,87.08108108108108,73.94434526291225,3.822937625754489,69.37860345932094,3700.0,331896.0
3800.0,3.551139693,3.01083260058504E-7,3800.0,87.26315789473685,74.24994854749941,6.563706563706536,69.46372239747635,3800.0,331872.0
3900.0,3.603667864,3.0559374596670685E-7,3900.0,87.33333333333333,74.42456601013406,7.663551401869102,69.82284667073915,3900.0,331920.0
4000.0,3.650269666,3.0959457519017577E-7,4000.0,87.575,74.7792166536334,7.102803738317803,69.63958460598657,4000.0,331856.0
4100.0,3.697962263,3.1368905067463717E-7,4100.0,86.82926829268293,73.25068027120474,-0.5586592178770954,67.21311475409836,4100.0,331856.0
4200.0,3.749619768,3.181241328217834E-7,4200.0,86.73809523809524,73.01356589147287,-1.8281535648994447,66.60671462829735,4200.0,331872.0
4300.0,3.796953858,3.221882218355437E-7,4300.0,86.72093023255813,72.8526949391665,-4.19708029197082,65.80838323353292,4300.0,331888.0
4400.0,3.845388603,3.263449081409536E-7,4400.0,86.6590909090909,72.71634036418213,-5.197132616487456,65.63231850117096,4400.0,331736.0
4500.0,3.894822896,3.305891152574432E-7,4500.0,86.77777777777777,72.94069327611346,-6.060606060606045,65.82423894313611,4500.0,331872.0
4600.0,3.943920952,3.3480506425190093E-7,4600.0,86.73913043478261,72.751911299023,-8.54092526690394,65.08299942759015,4600.0,331920.0
4700.0,3.994373546,3.3913815997175664E-7,4700.0,86.7659574468085,72.81671263543987,-10.088495575221296,65.23197316936835,4700.0,331984.0
4800.0,4.042720639,3.4329042579471443E-7,4800.0,86.79166666666667,72.83567780928739,-9.878682842287667,65.06887052341598,4800.0,331984.0
4900.0,4.089211572,3.472833724653472E-7,4900.0,86.81632653061224,72.78798579342698,-10.80617495711839,64.71873293282358,4900.0,331992.0
5000.0,4.13585367,3.5128872299448893E-7,5000.0,86.68,72.36936893132187,-12.690355329949252,63.78466557911909,5000.0,331944.0
5100.0,4.182503487,3.552945432927397E-7,5100.0,86.76470588235294,72.44383665682943,-13.827993254637363,63.55291576673867,5100.0,331928.0
5200.0,4.230022811,3.593754215516915E-7,5200.0,86.6923076923077,72.17176541627278,-15.912897822445604,62.7155172413793,5200.0,331960.0
5300.0,4.276624093,3.633772670415188E-7,5300.0,86.71698113207547,72.0542019059945,-16.749585406301794,62.19119226638025,5300.0,331944.0
5400.0,4.329954588,3.6795741947160404E-7,5400.0,86.75925925925925,72.05129185139887,-17.405582922824337,62.04883227176221,5400.0,331976.0
5500.0,4.397493139,3.737549986935013E-7,5500.0,86.83636363636363,72.08784072881717,-17.723577235772385,61.85458377239199,5500.0,331816.0
5600.0,4.448678804,3.781507360459201E-7,5600.0,87.0,72.24098485673821,-17.990275526742273,61.68421052631579,5600.0,331960.0
5700.0,4.496037742,3.822182326868631E-7,5700.0,87.08771929824562,72.33469167148397,-17.38437001594898,61.72646905876235,5700.0,331992.0
5800.0,4.542246201,3.861867273685521E-7,5800.0,87.20689655172413,72.46626772312872,-16.118935837245687,61.732851985559556,5800.0,331976.0
5900.0,4.589447772,3.9023992678884404E-7,5900.0,87.32203389830508,72.68483015289736,-15.610510046367859,61.97254702592782,5900.0,331928.0
6000.0,4.640705682,3.9464250492026394E-7,6000.0,87.3,72.5783708601407,-15.981735159817308,61.65072974333165,6000.0,332008.0
6100.0,4.687821505,3.986882436476771E-7,6100.0,87.21311475409837,72.38879409828174,-16.244411326378522,61.51948692649236,6100.0,331920.0
6200.0,4.735031356,4.0274264260054866E-7,6200.0,87.14516129032258,72.23929465089287,-15.674891146589296,61.404358353510894,6200.0,331968.0
6300.0,4.781487863,4.0673311327346073E-7,6300.0,87.22222222222223,72.3810252006603,-15.164520743919919,61.61182641869337,6300.0,332032.0
6400.0,4.829177094,4.1082828676121507E-7,6400.0,87.28125,72.44797052880581,-15.134370579915139,61.58565361019348,6400.0,331936.0
6500.0,4.885208675,4.1563983520048763E-7,6500.0,87.33846153846154,72.59746992099139,-15.266106442577026,61.809744779582374,6500.0,331936.0
6600.0,4.933504226,4.197880741756326E-7,6600.0,87.27272727272727,72.46279198679166,-16.3434903047092,61.64383561643834,6600.0,332016.0
6700.0,4.980079785,4.2378819268991126E-7,6700.0,87.20895522388061,72.32216900796338,-17.236662106703086,61.448493027440406,6700.0,331984.0
6800.0,5.026619745,4.2778515748257013E-7,6800.0,87.25,72.34671319138144,-17.320703653585912,61.34641105662061,6800.0,331976.0
6900.0,5.071558092,4.316441998424401E-7,6900.0,87.17391304347825,72.06250240189735,-19.433198380566857,60.579064587973264,6900.0,331944.0
7000.0,5.118960063,4.357148038197142E-7,7000.0,87.3,72.315182153022,-18.691588785046747,60.991663010092154,7000.0,331944.0
7100.0,5.164867739,4.396576565484536E-7,7100.0,87.28169014084507,72.19592718666134,-20.079787234042545,60.60209424083769,7100.0,331992.0
7200.0,5.215610806,4.440162244868712E-7,7200.0,87.375,72.28529445392527,-20.717131474103528,60.563991323210416,7200.0,332024.0
7300.0,5.26737974,4.484629091135308E-7,7300.0,87.35616438356163,72.22096247671647,-21.92866578599736,60.50492083868206,7300.0,332024.0
7400.0,5.312210306,4.523136236875772E-7,7400.0,86.85135135135134,71.08276765568885,-28.533685601056835,58.36542575952075,7400.0,332024.0
7500.0,5.358758199,4.5631184780025636E-7,7500.0,87.0,71.24139031133943,-28.45849802371547,58.31551945275758,7500.0,332024.0
7600.0,5.409566335,4.6067558421918903E-7,7600.0,87.1578947368421,71.40851677440766,-28.590250329380773,58.27276613937579,7600.0,331992.0
7700.0,5.456218438,4.6468246977941845E-7,7700.0,87.2987012987013,71.54273045736522,-28.853754940711525,58.18725951261223,7700.0,332000.0
7800.0,5.505713577,4.689335398278715E-7,7800.0,87.46153846153845,71.72198519641253,-28.853754940711497,58.18725951261221,7800.0,332000.0
7900.0,5.551421583,4.7285933818316277E-7,7900.0,87.62025316455696,71.8945418546954,-28.853754940711447,58.18725951261222,7900.0,332000.0
8000.0,5.59634471,4.7671772435059133E-7,8000.0,87.6,71.70780811020492,-30.698287220026295,57.58871312526722,8000.0,332000.0
8100.0,5.641448352,4.805914280118957E-7,8100.0,87.69135802469135,71.74575327374484,-31.357048748353066,57.374946558358275,8100.0,331984.0
8200.0,5.687851658,4.84576656627154E-7,8200.0,87.84146341463415,71.90367145888108,-31.357048748353133,57.374946558358275,8200.0,331976.0
8300.0,5.733186725,4.884710805398866E-7,8300.0,87.92771084337349,71.93311600054024,-32.015810276679765,57.16117999144935,8300.0,332056.0
8400.0,5.779766522,4.924716594344832E-7,8400.0,87.98809523809524,71.91037302504961,-32.93807641633732,56.861906797776854,8400.0,331992.0
8500.0,5.824890783,4.963472273376852E-7,8500.0,88.10588235294118,72.00610077087057,-33.20158102766791,56.77640017101325,8500.0,331992.0
8600.0,5.870885759,5.002975779637962E-7,8600.0,88.17441860465117,72.00158062925026,-33.992094861660114,56.51988029072253,8600.0,331992.0
8700.0,5.919301972,5.044558803257428E-7,8700.0,88.28735632183908,72.08987003292057,-34.25559947299077,56.43437366395898,8700.0,331992.0
8800.0,5.966204266,5.084843515193171E-7,8800.0,88.3409090909091,72.09337690600833,-34.46920052424643,56.24733475479745,8800.0,332008.0
8900.0,6.015577441,5.127254571610212E-7,8900.0,88.23595505617978,71.76764141417323,-36.86274509803926,55.465759251382366,8900.0,332040.0
9000.0,6.06043757,5.165783396732889E-7,9000.0,88.13333333333333,71.40894131521605,-39.607843137255,54.572522330923,9000.0,331992.0
9100.0,6.110559969,5.208832842284606E-7,9100.0,88.21978021978022,71.44387186344954,-40.13071895424831,54.40238196512123,9100.0,332000.0
9200.0,6.158396191,5.249918721561629E-7,9200.0,88.28260869565217,71.43044963971474,-40.91503267973845,54.14717141641855,9200.0,332000.0
9300.0,6.205827431,5.290656767316989E-7,9300.0,88.16129032258064,71.17329771190425,-41.51670951156821,53.77833753148613,9300.0,332000.0
9324.0,6.224372165,5.306586121877364E-7,9324.0,88.14886314886314,71.13764573737778,-41.30434782608701,53.707582739840774,9324.0,332032.0
