learning evaluation instances,evaluation time (cpu seconds),model cost (RAM-Hours),classified instances,classifications correct (percent),Kappa Statistic (percent),Kappa Temporal Statistic (percent),Kappa M Statistic (percent),model training instances,model serialized size (bytes)
100.0,6.427112391,4.0308628561214316E-5,100.0,100.0,?,?,?,100.0,2.4242896E7
200.0,13.453516386,8.731531838672241E-5,200.0,99.0,82.81786941580755,50.0,66.66666666666666,200.0,2.5860024E7
300.0,20.42625085,1.339882270403928E-4,300.0,98.33333333333333,65.84699453551899,-25.00000000000063,16.666666666666483,300.0,2.5874032E7
400.0,27.373892347,1.8050536593178611E-4,400.0,97.75,51.638903815153256,-124.99999999999945,-49.99999999999963,400.0,2.5880816E7
500.0,34.345821377,2.271946424572696E-4,500.0,96.39999999999999,34.21052631578954,-200.0,-125.0,500.0,2.5886096E7
600.0,41.323937514,2.739369349442975E-4,600.0,96.0,35.25179856115106,-200.00000000000085,-139.99999999999946,600.0,2.5892416E7
700.0,48.289419347,3.2062064701823877E-4,700.0,96.14285714285714,55.314923397011505,-125.00000000000033,-22.727272727272616,700.0,2.5906968E7
800.0,55.262256586,3.6743599955701197E-4,800.0,93.625,74.91577109411506,-292.3076923076925,58.19672131147542,800.0,2.5952616E7
900.0,62.284118429,4.1461216762751746E-4,900.0,92.11111111111111,76.29329534324637,-153.57142857142878,64.6766169154229,900.0,2.5970048E7
1000.0,69.31386283,4.618587238888753E-4,1000.0,91.8,77.61703289204314,-28.12500000000005,68.0933852140078,1000.0,2.5979632E7
1100.0,76.357312097,5.092152468854092E-4,1100.0,87.18181818181819,66.61644425312096,-46.87499999999998,56.61538461538461,1100.0,2.5989432E7
1200.0,83.395381485,5.565488097360993E-4,1200.0,86.0,63.3357218461628,-43.589743589743556,53.2033426183844,1200.0,2.5996688E7
1300.0,90.375525299,6.035015131712405E-4,1300.0,82.92307692307692,56.3775533339581,-77.60000000000004,47.016706443914074,1300.0,2.6001512E7
1400.0,97.39686038,6.507490515495978E-4,1400.0,80.85714285714286,52.3973854086314,-84.82758620689658,43.93305439330545,1400.0,2.6011288E7
1500.0,104.625703901,6.994027723069039E-4,1500.0,78.73333333333333,48.10420372218124,-78.21229050279335,40.373831775700936,1500.0,2.6016544E7
1600.0,111.804731652,7.477294095788148E-4,1600.0,76.6875,44.06726923062502,-67.26457399103137,37.20538720538719,1600.0,2.602096E7
1700.0,119.024191243,7.963346891223167E-4,1700.0,75.0,41.21657684396886,-77.08333333333327,34.91577335375192,1700.0,2.6024424E7
1800.0,126.354444275,8.457069921083239E-4,1800.0,74.66666666666667,40.830449826989614,-60.5633802816901,34.85714285714286,1800.0,2.6035552E7
1900.0,133.626974379,8.946969039557124E-4,1900.0,74.0,40.814895527507886,-63.57615894039738,35.67708333333333,1900.0,2.6038952E7
2000.0,140.816723797,9.431355641371847E-4,2000.0,74.0,40.84455769930834,-55.68862275449099,35.64356435643565,2000.0,2.6042384E7
2100.0,148.044978496,9.91844083284118E-4,2100.0,73.38095238095238,40.95901985635826,-50.67385444743938,36.62131519274377,2100.0,2.6047968E7
2200.0,155.317004824,0.001040852002970715,2200.0,72.81818181818181,40.9597407901055,-50.25125628140705,37.38219895287958,2200.0,2.6050328E7
2300.0,162.614028284,0.0010900308006051172,2300.0,72.65217391304348,41.23739814942689,-54.5454545454545,38.02955665024631,2300.0,2.6051608E7
2400.0,169.989147278,0.001139746643567101,2400.0,72.45833333333334,41.122502605396065,-53.36426914153133,38.10861423220974,2400.0,2.6057224E7
2500.0,177.458749348,0.0011901068194517409,2500.0,73.0,42.51820342049901,-47.05882352941179,39.624329159212884,2500.0,2.6061064E7
2600.0,184.834646657,0.0012398396479908788,2600.0,72.61538461538461,43.29376476469608,-55.11982570806101,41.54351395730706,2600.0,2.6063376E7
2700.0,191.965402768,0.0012879278484517571,2700.0,72.66666666666667,44.672745649010956,-60.784313725490144,44.00606980273141,2700.0,2.6067856E7
2800.0,199.169059744,0.001336516874483203,2800.0,72.85714285714285,46.037400544494794,-65.57734204793032,45.007235890014464,2800.0,2.6072792E7
2900.0,206.45372586,0.0013856642969366985,2900.0,72.51724137931035,46.1474441180418,-73.63834422657952,42.32995658465992,2900.0,2.6079152E7
3000.0,213.72750592,0.0014347453648541984,3000.0,72.56666666666666,46.84767305183483,-79.30283224400868,40.44862518089725,3000.0,2.608292E7
3100.0,220.994207424,0.0014837848350861983,3100.0,72.93548387096774,47.984247080526124,-82.78867102396512,39.29088277858177,3100.0,2.60862E7
3200.0,228.255962557,0.0015327935997981764,3200.0,72.9375,48.29017214715208,-87.04103671706268,37.608069164265125,3200.0,2.6087624E7
3300.0,235.541082231,0.001581961813203908,3300.0,73.3030303030303,49.00797687617952,-86.25792811839325,38.00140745953555,3300.0,2.608856E7
3400.0,242.913050773,0.0016317209868110527,3400.0,73.61764705882354,49.74200301633673,-88.05031446540883,37.14085494043448,3400.0,2.609108E7
3500.0,250.340675564,0.0016818576879561488,3500.0,73.94285714285715,50.31232254400908,-87.65432098765426,38.04347826086957,3500.0,2.6092048E7
3600.0,257.727046066,0.0017317189022924544,3600.0,74.13888888888889,50.631468240991964,-88.84381338742398,38.547854785478535,3600.0,2.6093608E7
3700.0,265.151483215,0.001781842000067375,3700.0,74.54054054054055,51.33701053931953,-89.53722334004026,39.654067905188995,3700.0,2.6096168E7
3800.0,272.754427623,0.001833172672396162,3800.0,74.78947368421053,51.843821804679365,-84.94208494208499,39.55835962145111,3800.0,2.6097416E7
3900.0,280.195451869,0.0018834118784736083,3900.0,75.17948717948718,52.51276552762882,-80.93457943925239,40.867440439828954,3900.0,2.6098312E7
4000.0,287.911940963,0.001935514057474877,4000.0,75.4,53.00490415794364,-83.92523364485976,39.89004276114844,4000.0,2.609988E7
4100.0,295.298174181,0.0019853915119256195,4100.0,75.82926829268293,53.802706596761105,-84.5437616387337,39.82999392835459,4100.0,2.6102592E7
4200.0,302.919475004,0.0020368578039831817,4200.0,76.07142857142857,54.22782635852591,-83.72943327239487,39.74820143884891,4200.0,2.6103344E7
4300.0,310.49459156,0.0020880124196287595,4300.0,76.34883720930232,54.71499993786787,-85.58394160583941,39.101796407185624,4300.0,2.6103448E7
4400.0,318.026664978,0.0021388809643801787,4400.0,76.72727272727272,55.377799187419576,-83.51254480286741,40.04683840749413,4400.0,2.6105808E7
4500.0,325.638905223,0.0021902937273807358,4500.0,76.95555555555555,55.778503036230056,-84.8484848484848,40.436530729465815,4500.0,2.6107232E7
4600.0,333.351042636,0.002242383570018547,4600.0,77.17391304347827,56.131722541046805,-86.83274021352318,39.896966227819114,4600.0,2.6108424E7
4700.0,341.103101633,0.0022947448827145577,4700.0,77.53191489361703,56.746679615704984,-86.90265486725663,40.97261039686977,4700.0,2.6109336E7
4800.0,348.892727298,0.002347409835515574,4800.0,77.75,57.11586095781603,-85.09532062391679,41.15702479338843,4800.0,2.6134096E7
4900.0,356.505354983,0.0023988816344187374,4900.0,77.9795918367347,57.46798776465562,-85.07718696397943,41.070453304205365,4900.0,2.613588E7
5000.0,364.12321465,0.002450390763672249,5000.0,78.28,57.934687676288924,-83.75634517766497,40.94616639477979,5000.0,2.6136872E7
5100.0,371.613013225,0.0025010375877428928,5100.0,78.47058823529412,58.21501292694589,-85.16020236087685,40.71274298056155,5100.0,2.6138728E7
5200.0,379.102297025,0.002551681116847958,5200.0,78.6923076923077,58.51688354775685,-85.59463986599668,40.30172413793104,5200.0,2.6138824E7
5300.0,386.790239367,0.0026036721700133177,5300.0,78.8679245283019,58.73598650188497,-85.7379767827529,39.84962406015038,5300.0,2.614092E7
5400.0,394.571923064,0.0026563016104531267,5400.0,78.87037037037037,58.65249574808019,-87.35632183908052,39.437367303609335,5400.0,2.6143128E7
5500.0,402.283338575,0.00270846192239418,5500.0,79.14545454545454,59.06114954033753,-86.50406504065045,39.56796628029504,5500.0,2.6146192E7
5600.0,410.201578665,0.0027620258414653917,5600.0,79.48214285714286,59.52647536137074,-86.22366288492702,39.526315789473685,5600.0,2.6148456E7
5700.0,417.946691191,0.0028144207976045117,5700.0,79.80701754385964,60.05171776334921,-83.57256778309413,40.14560582423296,5700.0,2.6149544E7
5800.0,425.76665092,0.0028673239492032357,5800.0,80.10344827586206,60.500279434615535,-80.59467918622843,40.4847859721506,5800.0,2.6150464E7
5900.0,433.607269977,0.002920369914799559,5900.0,80.30508474576271,60.83578507176068,-79.5981452859351,40.92526690391459,5900.0,2.6151968E7
6000.0,441.347019471,0.002972739995512392,6000.0,80.48333333333333,61.071824644360696,-78.23439878234396,41.06693507800704,6000.0,2.615524E7
6100.0,449.053638173,0.0030248893777466107,6100.0,80.59016393442623,61.235745854971746,-76.45305514157977,41.58855451406019,6100.0,2.6156984E7
6200.0,456.88895708,0.0030779132199737834,6200.0,80.75806451612904,61.524416696923765,-73.14949201741658,42.22760290556901,6200.0,2.6158744E7
6300.0,464.713450326,0.0031308661013526736,6300.0,81.03174603174604,62.007045388068626,-70.95851216022895,43.013829279923705,6300.0,2.615988E7
6400.0,472.570583642,0.0031840415356446956,6400.0,81.21875,62.29819847061873,-70.01414427157006,43.27512977819724,6400.0,2.6160696E7
6500.0,480.490502412,0.003237644871934322,6500.0,81.44615384615385,62.70284698270837,-68.90756302521012,44.03712296983759,6500.0,2.6162152E7
6600.0,488.45675429,0.003291568574613766,6600.0,81.5909090909091,62.974249580984306,-68.28254847645431,44.52054794520548,6600.0,2.616544E7
6700.0,496.481022095,0.0033458874792103087,6700.0,81.83582089552239,63.41445904872839,-66.48426812585492,45.25416104363475,6700.0,2.616664E7
6800.0,504.392626047,0.003399448031513801,6800.0,81.95588235294117,63.58373480145987,-66.03518267929638,45.296477931341954,6800.0,2.6168744E7
6900.0,512.303253559,0.0034530041017871026,6900.0,82.02898550724638,63.597298303462225,-67.34143049932527,44.76614699331849,6900.0,2.6169784E7
7000.0,520.27313627,0.0035069645380980765,7000.0,82.11428571428571,63.74799412323714,-67.1562082777036,45.063624396665226,7000.0,2.6171336E7
7100.0,528.183413856,0.003560523248896385,7100.0,82.28169014084507,63.97360220738826,-67.28723404255322,45.11343804537519,7100.0,2.6172232E7
7200.0,536.254268372,0.003615170593072638,7200.0,82.5,64.2899176881028,-67.33067729083665,45.33622559652927,7200.0,2.6172904E7
7300.0,544.155078956,0.003668672612187135,7300.0,82.64383561643835,64.55406203987654,-67.37120211360632,45.7851946940522,7300.0,2.6175856E7
7400.0,552.035955437,0.003722040263075502,7400.0,82.6081081081081,64.36471778538757,-70.01321003963015,44.92939666238767,7400.0,2.617616E7
7500.0,560.011951676,0.003776053415209632,7500.0,82.81333333333333,64.61112615211971,-69.82872200263508,44.89097905087645,7500.0,2.6176824E7
7600.0,568.160538308,0.0038312364224339325,7600.0,83.03947368421053,64.88519979491156,-69.82872200263498,44.89097905087645,7600.0,2.6177336E7
7700.0,576.154647157,0.003885375409067896,7700.0,83.20779220779221,65.05478509470282,-70.35573122529651,44.7199657973493,7700.0,2.617836E7
7800.0,584.041430113,0.0039387882316147226,7800.0,83.42307692307692,65.30804818608706,-70.35573122529644,44.71996579734928,7800.0,2.6178696E7
7900.0,591.942057481,0.003992295975647327,7900.0,83.58227848101266,65.45983459770144,-70.88274044795776,44.54895254382215,7900.0,2.6179264E7
8000.0,600.013903854,0.004046965488260702,8000.0,83.75,65.62659576050332,-71.27799736495378,44.420692603676805,8000.0,2.6180304E7
8100.0,608.097522628,0.004101716239428896,8100.0,83.9506172839506,65.85309697493462,-71.27799736495388,44.420692603676784,8100.0,2.6181024E7
8200.0,616.17764846,0.00415644452003746,8200.0,84.14634146341463,66.07121543664213,-71.27799736495398,44.420692603676784,8200.0,2.6181592E7
8300.0,624.247096316,0.00421110174585929,8300.0,84.3132530120482,66.237176322446,-71.5415019762845,44.33518597691322,8300.0,2.61822E7
8400.0,632.384000349,0.004266237094869062,8400.0,84.47619047619047,66.39632833501624,-71.80500658761544,44.24967935014963,8400.0,2.619228E7
8500.0,640.946591673,0.00432425855039429,8500.0,84.61176470588235,66.50551676854096,-72.33201581027662,44.07866609662248,8500.0,2.6193032E7
8600.0,648.972117419,0.004378641679253272,8600.0,84.7906976744186,66.695608556275,-72.33201581027673,44.078666096622484,8600.0,2.6193472E7
8700.0,656.933396292,0.004432590557897511,8700.0,84.9655172413793,66.87925807861626,-72.33201581027674,44.078666096622484,8700.0,2.6194008E7
8800.0,665.036584648,0.004487502917927718,8800.0,85.11363636363637,67.04780269614605,-71.69069462647444,44.13646055437102,8800.0,2.6194888E7
8900.0,673.210001635,0.004542893306314029,8900.0,85.28089887640449,67.25396079901124,-71.24183006535944,44.279030199914935,8900.0,2.6195888E7
9000.0,681.406574726,0.004598443674646255,9000.0,85.39999999999999,67.33717432254464,-71.76470588235303,44.10888983411314,9000.0,2.6197328E7
9100.0,689.660866579,0.00465438902800561,9100.0,85.47252747252747,67.33292453553106,-72.81045751633982,43.768609102509565,9100.0,2.6199112E7
9200.0,697.930575348,0.004710440567432424,9200.0,85.53260869565219,67.30529895952183,-73.986928104575,43.38579327945556,9200.0,2.6199904E7
9300.0,706.158306815,0.0047662121510278,9300.0,85.49462365591398,67.23261108582848,-73.39331619537278,43.36691855583544,9300.0,2.6202048E7
9324.0,708.770891379,0.0047839215958891375,9324.0,85.52123552123551,67.27054709623026,-72.63427109974428,43.44365312107245,9324.0,2.6202152E7
