learning evaluation instances,evaluation time (cpu seconds),model cost (RAM-Hours),classified instances,classifications correct (percent),Kappa Statistic (percent),Kappa Temporal Statistic (percent),Kappa M Statistic (percent),model training instances,model serialized size (bytes)
100.0,4.997972929,3.105493923371267E-5,100.0,100.0,?,?,?,100.0,2.4018128E7
200.0,10.530807455,6.774791801682196E-5,200.0,99.0,79.50819672131144,50.0,66.66666666666666,200.0,2.5635256E7
300.0,15.994881551,1.0400468846596024E-4,300.0,98.33333333333333,60.691823899371045,-25.00000000000063,16.666666666666483,300.0,2.5649264E7
400.0,21.429719636,1.4007700214311452E-4,400.0,98.0,49.04458598726111,-100.0,-33.33333333333333,400.0,2.5656048E7
500.0,26.885767133,1.762974048647241E-4,500.0,97.0,33.392539964475915,-150.0,-87.5,500.0,2.5661232E7
600.0,32.35432956,2.1260996578870676E-4,600.0,96.33333333333334,29.637526652452102,-175.0000000000002,-119.99999999999906,600.0,2.5667648E7
700.0,37.823745773,2.489487862900173E-4,700.0,96.42857142857143,54.3795620437957,-108.33333333333344,-13.636363636363427,700.0,2.56822E7
800.0,43.297492509,2.853810192084172E-4,800.0,95.25,81.62386962619082,-192.30769230769246,68.85245901639344,800.0,2.5727848E7
900.0,48.796392917,3.2200546848676787E-4,900.0,94.77777777777779,84.75741589552887,-67.8571428571428,76.6169154228856,900.0,2.574528E7
1000.0,54.30718822,3.5872280499795654E-4,1000.0,94.19999999999999,84.57733932512562,9.374999999999844,77.43190661478597,1000.0,2.5754864E7
1100.0,59.853658352,3.956918976044757E-4,1100.0,89.27272727272727,72.61892205463558,-22.916666666666686,63.69230769230768,1100.0,2.5764664E7
1200.0,65.417762181,4.327889693036223E-4,1200.0,88.08333333333334,69.46097554030582,-22.22222222222216,60.16713091922007,1200.0,2.577192E7
1300.0,70.947144059,4.6966144283539885E-4,1300.0,85.38461538461539,63.481526383488315,-52.00000000000004,54.65393794749402,1300.0,2.5776744E7
1400.0,76.496062644,5.066782296955131E-4,1400.0,83.78571428571429,60.7198477245198,-56.55172413793109,52.51046025104602,1400.0,2.578652E7
1500.0,82.172681922,5.445546254254676E-4,1500.0,81.46666666666667,55.784585043102076,-55.307262569832474,48.03738317757009,1500.0,2.5791776E7
1600.0,87.818130773,5.822294906158667E-4,1600.0,79.375,51.47094506658038,-47.98206278026906,44.44444444444443,1600.0,2.5796192E7
1700.0,93.473140023,6.199732247410228E-4,1700.0,77.70588235294117,48.50345921199025,-57.916666666666586,41.960183767228195,1700.0,2.5799656E7
1800.0,99.197716391,6.581977569390679E-4,1800.0,77.44444444444444,48.30220713073006,-42.95774647887319,42.00000000000001,1800.0,2.5810784E7
1900.0,104.896167704,6.962528573937124E-4,1900.0,76.84210526315789,48.11810206584283,-45.69536423841065,42.70833333333332,1900.0,2.5814184E7
2000.0,110.592319967,7.342976618431294E-4,2000.0,76.8,48.05473955721144,-38.92215568862271,42.57425742574259,2000.0,2.5817616E7
2100.0,116.299389932,7.724236303607067E-4,2100.0,76.47619047619048,48.54595450379134,-33.1536388140162,43.99092970521542,2100.0,2.58232E7
2200.0,122.031857113,8.107227643439783E-4,2200.0,76.0909090909091,48.682699258089826,-32.16080402010053,44.921465968586375,2200.0,2.582556E7
2300.0,127.787535604,8.491811205687417E-4,2300.0,75.8695652173913,48.70197717408775,-36.363636363636374,45.32019704433496,2300.0,2.5828344E7
2400.0,133.611506234,8.881031444904839E-4,2400.0,75.54166666666666,48.24135224978174,-36.19489559164737,45.03745318352058,2400.0,2.5833224E7
2500.0,139.481627675,9.273382628287071E-4,2500.0,76.08,49.57868692782772,-30.28322440087145,46.511627906976756,2500.0,2.5836296E7
2600.0,145.313691848,9.663247929667145E-4,2600.0,75.88461538461539,50.360224843638655,-36.601307189542496,48.52216748768473,2600.0,2.5840128E7
2700.0,151.066190727,0.0010047861073123714,2700.0,75.96296296296296,51.451119203668696,-41.39433551198252,50.758725341426405,2700.0,2.5844608E7
2800.0,156.821647322,0.001043272283223696,2800.0,76.32142857142857,52.86836757595547,-44.444444444444436,52.02604920405211,2800.0,2.5848024E7
2900.0,162.585440372,0.0010818236875744518,2900.0,76.20689655172413,53.168093077771395,-50.32679738562096,50.07235890014471,2900.0,2.5854384E7
3000.0,168.366225087,0.0011204943765040433,3000.0,76.3,53.7378835764932,-54.901960784313694,48.552821997105646,3000.0,2.5858152E7
3100.0,174.130087014,0.0011590567509218426,3100.0,76.6774193548387,54.71952896834953,-57.516339869281076,47.68451519536902,3100.0,2.5861432E7
3200.0,179.917894076,0.0011977814593445218,3200.0,76.625,54.77794034073734,-61.55507559395252,46.10951008645532,3200.0,2.5862856E7
3300.0,185.76942488,0.0012369362688166635,3300.0,76.9090909090909,55.325052614672984,-61.0993657505286,46.37579169598874,3300.0,2.5865328E7
3400.0,191.653406221,0.0012763097149609524,3400.0,77.14705882352942,55.797314843321246,-62.89308176100632,45.55010511562719,3400.0,2.5866312E7
3500.0,197.571008461,0.0013159096217358905,3500.0,77.45714285714286,56.36787310327044,-62.34567901234562,46.39945652173913,3500.0,2.586728E7
3600.0,203.454902028,0.001355286328568122,3600.0,77.66666666666666,56.73018706300762,-63.083164300202895,46.93069306930691,3600.0,2.586884E7
3700.0,209.364042327,0.0013948359072560091,3700.0,77.97297297297298,57.280637383373524,-63.98390342052317,47.789878283151836,3700.0,2.58714E7
3800.0,215.304841514,0.0014345992953257534,3800.0,78.26315789473685,57.83251496241763,-59.45945945945949,47.886435331230295,3800.0,2.5872648E7
3900.0,221.221378757,0.0014742016630206567,3900.0,78.56410256410257,58.38535589302112,-56.26168224299069,48.93097128894319,3900.0,2.5873544E7
4000.0,227.194772293,0.0015141870216229402,4000.0,78.75,58.739396328243146,-58.87850467289717,48.07574832009773,4000.0,2.5875112E7
4100.0,233.118633956,0.001553844974485903,4100.0,79.19512195121952,59.53118990081422,-58.8454376163873,48.20886460230724,4100.0,2.5877824E7
4200.0,239.108766522,0.00159394775064122,4200.0,79.35714285714286,59.797297297297305,-58.500914076782394,48.021582733812956,4200.0,2.5878576E7
4300.0,245.068580616,0.00163384990638756,4300.0,79.6046511627907,60.18905212129402,-60.036496350364956,47.48502994011975,4300.0,2.5880104E7
4400.0,251.104951023,0.0016742660837389973,4400.0,79.81818181818183,60.550675097169425,-59.13978494623652,48.00936768149884,4400.0,2.588104E7
4500.0,257.117411997,0.0017145243917607007,4500.0,80.0,60.86948204141112,-60.42780748663093,48.30557151062608,4500.0,2.5882464E7
4600.0,263.144461385,0.0017548822396279244,4600.0,80.17391304347827,61.11607396918019,-62.277580071174384,47.796222095020035,4600.0,2.5883656E7
4700.0,269.197202151,0.0017954135481070914,4700.0,80.53191489361701,61.76300084645094,-61.94690265486731,48.854108440469524,4700.0,2.5884568E7
4800.0,275.258894084,0.0018360436245309611,4800.0,80.6875,62.015396671737435,-60.65857885615247,48.92561983471075,4800.0,2.5909328E7
4900.0,281.276267632,0.0018763794225327226,4900.0,80.85714285714286,62.25532520845307,-60.891938250428815,48.77116329874387,4900.0,2.5911112E7
5000.0,287.320468801,0.0019168966031961655,5000.0,80.88,62.15623331964728,-61.7597292724197,48.01522566612289,5000.0,2.5912104E7
5100.0,293.373886161,0.001957478470949576,5100.0,81.19607843137256,62.65274050950921,-61.72006745362552,48.21814254859613,5100.0,2.591396E7
5200.0,299.438588865,0.001998137978341438,5200.0,81.28846153846155,62.712350056422295,-62.98157453936349,47.57543103448277,5200.0,2.5915224E7
5300.0,305.524732679,0.0020389426942144604,5300.0,81.41509433962264,62.83435906373196,-63.3499170812604,47.09989258861438,5300.0,2.5916152E7
5400.0,311.63167124,0.0020798903173829615,5400.0,81.35185185185185,62.63259799717652,-65.3530377668309,46.54989384288748,5400.0,2.591836E7
5500.0,317.763433773,0.0021210092481198303,5500.0,81.54545454545455,62.88602522726451,-65.04065040650408,46.52265542676501,5500.0,2.5921424E7
5600.0,323.907252095,0.0021622126220874516,5600.0,81.83928571428571,63.27809658907731,-64.82982171799023,46.473684210526315,5600.0,2.5923688E7
5700.0,330.098090241,0.0022037330759184528,5700.0,82.05263157894737,63.573128111942204,-63.157894736842145,46.801872074882986,5700.0,2.5924776E7
5800.0,336.276710984,0.002245173061123539,5800.0,82.34482758620689,64.02786629016416,-60.2503912363067,47.18927282104177,5800.0,2.5925696E7
5900.0,342.488856108,0.002286840311279055,5900.0,82.59322033898306,64.46391791272362,-58.73261205564141,47.788510421962386,5900.0,2.59272E7
6000.0,348.718778897,0.002328632076516263,6000.0,82.68333333333334,64.54458157715074,-58.14307458143071,47.71011575239054,6000.0,2.5930472E7
6100.0,354.963884897,0.0023705285118798165,6100.0,82.70491803278689,64.5522305848345,-57.22801788375557,47.95263936852493,6100.0,2.5932216E7
6200.0,361.247566787,0.0024126866016977565,6200.0,82.87096774193549,64.86012950369016,-54.136429608127756,48.57142857142857,6200.0,2.5933976E7
6300.0,367.526808714,0.0024548167485594127,6300.0,83.07936507936508,65.23264124763658,-52.50357653791139,49.165474487362886,6300.0,2.5935112E7
6400.0,373.805598507,0.002496945187309897,6400.0,83.21875,65.44904926074054,-51.909476661951935,49.315714959886726,6400.0,2.5935928E7
6500.0,380.116192573,0.0025392893983823416,6500.0,83.41538461538461,65.82092937609903,-50.980392156862806,49.976798143851504,6500.0,2.5937384E7
6600.0,386.765011805,0.0025839087625507857,6600.0,83.5,65.99840480035877,-50.83102493074798,50.27397260273971,6600.0,2.5940672E7
6700.0,393.108434622,0.0026264806202156476,6700.0,83.70149253731344,66.37998702143615,-49.384404924760545,50.87719298245615,6700.0,2.5941872E7
6800.0,399.444998276,0.0026690098938287575,6800.0,83.83823529411765,66.58623971167195,-48.71447902571047,51.00312082032992,6800.0,2.5943976E7
6900.0,405.78284947,0.002711549514247363,6900.0,83.88405797101449,66.54543995877043,-50.0674763832659,50.467706013363035,6900.0,2.5945016E7
7000.0,412.159783682,0.0027543540200173503,7000.0,83.95714285714286,66.67188429814574,-49.93324432576776,50.72400175515577,7000.0,2.5946568E7
7100.0,418.545605088,0.0027972196603569506,7100.0,83.98591549295774,66.64327380605091,-51.19680851063833,50.39267015706804,7100.0,2.5947464E7
7200.0,424.938556462,0.002840134272910431,7200.0,84.19444444444444,66.94552280382135,-51.128818061088886,50.629067245119316,7200.0,2.5948136E7
7300.0,431.348701669,0.002883169199577732,7300.0,84.28767123287672,67.13054712990647,-51.51915455746361,50.919982884039385,7300.0,2.5951088E7
7400.0,437.754700887,0.0029261767956782086,7400.0,84.20270270270271,66.84053542726132,-54.42536327608981,49.9786050492084,7400.0,2.5951392E7
7500.0,444.158096333,0.0029691680109390985,7500.0,84.37333333333333,67.02972973155448,-54.41370223978927,49.89311671654553,7500.0,2.5952056E7
7600.0,450.541605492,0.0030120265588653504,7600.0,84.57894736842105,67.27385462716437,-54.41370223978914,49.893116716545535,7600.0,2.5952568E7
7700.0,456.943703958,0.0030550116104072476,7700.0,84.72727272727273,67.41147760042928,-54.94071146245064,49.7221034630184,7700.0,2.5953592E7
7800.0,463.33857992,0.0030979487243848747,7800.0,84.92307692307692,67.637446827127,-54.94071146245057,49.72210346301838,7800.0,2.5953928E7
7900.0,469.730325494,0.0031408657592151,7900.0,85.11392405063292,67.85469981076957,-54.940711462450494,49.7221034630184,7900.0,2.5954496E7
8000.0,476.121691195,0.003183781962997236,8000.0,85.2625,67.99308933063614,-55.33596837944661,49.59384352287302,8000.0,2.5955536E7
8100.0,482.506419739,0.003226654789405254,8100.0,85.44444444444444,68.19492061901926,-55.335968379446584,49.59384352287303,8100.0,2.5956256E7
8200.0,488.90074366,0.0032695929874241732,8200.0,85.6219512195122,68.38939111894845,-55.33596837944671,49.59384352287302,8200.0,2.5956824E7
8300.0,495.322325928,0.003312715236627911,8300.0,85.77108433734941,68.53091176661323,-55.59947299077723,49.50833689610947,8300.0,2.5957432E7
8400.0,501.725421878,0.0033557300437678426,8400.0,85.91666666666666,68.66652431248416,-55.86297760210817,49.42283026934587,8400.0,2.5967512E7
8500.0,508.142513075,0.003398840116772736,8500.0,86.03529411764706,68.7512698329321,-56.38998682476942,49.2518170158187,8500.0,2.5968264E7
8600.0,514.557344921,0.0034419357416279766,8600.0,86.19767441860465,68.92122598490201,-56.38998682476944,49.25181701581874,8600.0,2.5968704E7
8700.0,520.965782567,0.003484989298082554,8700.0,86.35632183908046,69.08549907569926,-56.38998682476942,49.25181701581875,8700.0,2.596924E7
8800.0,527.393468991,0.0035281736361563306,8800.0,86.48863636363636,69.23487662724486,-55.832241153342146,49.296375266524514,8800.0,2.597012E7
8900.0,533.831477076,0.003571428985709341,8900.0,86.64044943820225,69.42418500418096,-55.42483660130717,49.42577626541897,8900.0,2.597112E7
9000.0,540.282264311,0.003614772598247648,9000.0,86.74444444444444,69.48647242136394,-55.947712418300696,49.2556358996172,9000.0,2.597256E7
9100.0,546.723949934,0.0036580580289442485,9100.0,86.82417582417582,69.50180514295234,-56.73202614379084,49.00042535091449,9100.0,2.5974344E7
9200.0,553.137304967,0.003701154403974626,9200.0,86.86956521739131,69.44978663286324,-57.908496732025995,48.6176095278605,9200.0,2.5975136E7
9300.0,559.579785902,0.003744450072191037,9300.0,86.82795698924731,69.37377495099804,-57.4550128534705,48.572628043660785,9300.0,2.597728E7
9324.0,561.829521564,0.0037595691233353575,9324.0,86.85113685113686,69.40818645616615,-56.77749360613803,48.638458315877685,9324.0,2.5977384E7
