learning evaluation instances,evaluation time (cpu seconds),model cost (RAM-Hours),classified instances,classifications correct (percent),Kappa Statistic (percent),Kappa Temporal Statistic (percent),Kappa M Statistic (percent),model training instances,model serialized size (bytes)
100.0,0.366999562,5.078313813300597E-9,100.0,88.0,76.0,87.87878787878788,76.0,100.0,53488.0
200.0,0.453527488,6.2756339393721694E-9,200.0,84.0,68.0,83.91959798994975,68.0,200.0,53488.0
300.0,0.507737948,7.025764883243376E-9,300.0,81.33333333333333,62.66666666666667,81.27090301003345,62.66666666666667,300.0,53488.0
400.0,0.552492566,7.645051711706652E-9,400.0,80.0,60.00000000000001,79.9498746867168,60.00000000000001,400.0,53488.0
500.0,0.592493048,8.198553735448256E-9,500.0,79.4,58.80000000000001,79.35871743486975,58.80000000000001,500.0,53488.0
600.0,0.641257457,8.873325581149095E-9,600.0,79.33333333333333,58.666666666666664,79.29883138564273,58.666666666666664,600.0,53488.0
700.0,0.686088142,9.493664977889923E-9,700.0,79.71428571428572,59.42857142857143,79.68526466380543,59.42857142857143,700.0,53488.0
800.0,0.729686926,1.0096958087624777E-8,800.0,80.25,60.5,80.22528160200251,60.5,800.0,53488.0
900.0,0.773786452,1.070718015662498E-8,900.0,78.55555555555556,57.111111111111114,78.53170189098999,57.111111111111114,900.0,53488.0
1000.0,0.811929486,1.1234979959403476E-8,1000.0,76.1,52.2,76.07607607607608,52.2,1000.0,53488.0
1100.0,0.845609639,1.1701025164694422E-8,1100.0,74.81818181818181,49.63636363636363,74.79526842584167,49.63636363636363,1100.0,53488.0
1200.0,0.880013944,1.2177090739177333E-8,1200.0,73.66666666666667,47.333333333333336,73.64470391993328,47.333333333333336,1200.0,53488.0
1300.0,0.914086952,1.2648572029901875E-8,1300.0,73.07692307692307,46.153846153846146,73.05619707467282,46.153846153846146,1300.0,53488.0
1400.0,0.946685555,1.309965141268654E-8,1400.0,71.78571428571429,43.57142857142857,71.76554681915654,43.57142857142857,1400.0,53488.0
1500.0,0.979165394,1.3549087412415279E-8,1500.0,71.46666666666667,42.93333333333334,71.447631754503,42.93333333333334,1500.0,53488.0
1600.0,1.023089545,1.4156882750222252E-8,1600.0,71.0625,42.12499999999999,71.04440275171982,42.12499999999999,1600.0,53488.0
1700.0,1.063577443,1.4717129336251981E-8,1700.0,71.29411764705881,42.58823529411764,71.27722189523249,42.58823529411764,1700.0,53488.0
1800.0,1.096856197,1.517762022950169E-8,1800.0,71.61111111111111,43.22222222222223,71.59533073929961,43.22222222222223,1800.0,53488.0
1900.0,1.131284133,1.5654012795202435E-8,1900.0,71.78947368421052,43.57894736842105,71.77461822011585,43.57894736842105,1900.0,53488.0
2000.0,1.163224938,1.609598997456332E-8,2000.0,72.1,44.199999999999996,72.08604302151076,44.199999999999996,2000.0,53488.0
2100.0,1.195286354,1.653963609462811E-8,2100.0,72.61904761904762,45.238095238095234,72.60600285850404,45.238095238095234,2100.0,53488.0
2200.0,1.228474363,1.6998871314480074E-8,2200.0,73.13636363636363,46.272727272727266,73.12414733969986,46.272727272727266,2200.0,53488.0
2300.0,1.26046357,1.7441518250894216E-8,2300.0,73.3913043478261,46.782608695652186,73.37973031752936,46.782608695652186,2300.0,53488.0
2400.0,1.292686136,1.7887394265366925E-8,2400.0,72.41666666666666,44.83333333333333,72.4051688203418,44.83333333333333,2400.0,53488.0
2500.0,1.322156433,1.8295186077219745E-8,2500.0,71.52,43.03999999999999,71.50860344137655,43.03999999999999,2500.0,53488.0
2600.0,1.350983664,1.869407953798771E-8,2600.0,71.46153846153847,42.923076923076934,71.45055790688727,42.923076923076934,2600.0,53488.0
2700.0,1.380389516,1.910097959963812E-8,2700.0,71.0,41.99999999999999,70.98925527973323,41.99999999999999,2700.0,53488.0
2800.0,1.410453161,1.9516981795525386E-8,2800.0,70.42857142857143,40.85714285714286,70.41800643086818,40.85714285714286,2800.0,53488.0
2900.0,1.445502626,2.000197469657494E-8,2900.0,70.03448275862068,40.068965517241374,70.02414625733012,40.068965517241374,2900.0,53488.0
3000.0,1.482873609,2.051909133331229E-8,3000.0,69.56666666666666,39.13333333333333,69.5565188396132,39.13333333333333,3000.0,53488.0
3100.0,1.51414376,2.0951788415842583E-8,3100.0,69.6774193548387,39.35483870967742,69.6676347208777,39.35483870967742,3100.0,53488.0
3200.0,1.541930867,2.1336289281567764E-8,3200.0,69.4375,38.87499999999999,69.42794623319787,38.87499999999999,3200.0,53488.0
3300.0,1.569895997,2.1723253519878618E-8,3300.0,69.12121212121211,38.242424242424235,69.11185207638678,38.242424242424235,3300.0,53488.0
3400.0,1.597584311,2.21063873489408E-8,3400.0,69.05882352941177,38.11764705882352,69.04972050603119,38.11764705882352,3400.0,53488.0
3500.0,1.627941355,2.2526449419413175E-8,3500.0,69.51428571428572,39.02857142857143,69.50557302086311,39.02857142857143,3500.0,53488.0
3600.0,1.655023098,2.290118989271422E-8,3600.0,70.02777777777777,40.05555555555556,70.01944984717977,40.05555555555556,3600.0,53488.0
3700.0,1.681947119,2.3273747906159195E-8,3700.0,69.75675675675676,39.0893368162685,68.92529852818662,38.381057268722465,3700.0,53488.0
3800.0,1.709257301,2.365164937759025E-8,3800.0,68.60526315789474,37.41164126352993,66.87031380172174,36.677282377919326,3800.0,53488.0
3900.0,1.738192501,2.4052036846855448E-8,3900.0,67.41025641025641,35.213474405342566,64.73362930077691,33.767587285044286,3900.0,53488.0
4000.0,1.765740011,2.4433222316921585E-8,4000.0,67.85,36.29858625956542,64.33721575152524,34.01744484350949,4000.0,53488.0
4100.0,1.793569868,2.4818314730806483E-8,4100.0,68.26829268292684,36.54824146522044,63.92124237382142,36.50561249389948,4100.0,53488.0
4200.0,1.824620398,2.524797283325758E-8,4200.0,67.66666666666666,35.744568097509266,62.350984197393956,34.173533688802706,4200.0,53488.0
4300.0,1.853249767,2.564412840158161E-8,4300.0,67.27906976744185,35.10064061581501,61.00332594235033,33.031889576392196,4300.0,53488.0
4400.0,1.882518185,2.604912673621956E-8,4400.0,67.04545454545455,34.67542903294241,59.822665558326406,32.4009324009324,4400.0,53488.0
4500.0,1.909923895,2.642835006525533E-8,4500.0,66.75555555555556,34.58351504579154,58.54807425879744,30.25641025641026,4500.0,53488.0
4600.0,1.938103041,2.681827572510888E-8,4600.0,65.89130434782608,33.180339573562904,56.59751037344398,27.562326869806093,4600.0,53488.0
4700.0,1.966280231,2.7208174319039615E-8,4700.0,64.91489361702128,31.349629975541927,54.39712389380531,25.283189850475758,4700.0,53488.0
4800.0,1.994016622,2.7591973408005303E-8,4800.0,65.64583333333334,32.60217983651228,54.4097318219519,27.388815499779845,4800.0,53488.0
4900.0,2.021001273,2.7965370382033288E-8,4900.0,65.93877551020408,33.54282770266428,53.85678739286702,26.508146191105247,4900.0,53488.0
5000.0,2.048421623,2.834479629036867E-8,5000.0,66.62,35.12157804224989,53.85678739286701,26.508146191105254,5000.0,53488.0
5100.0,2.075624321,2.8721210464433664E-8,5100.0,67.27450980392156,36.56933860537348,53.85678739286701,26.50814619110524,5100.0,53488.0
5200.0,2.104717201,2.9123779812384812E-8,5200.0,67.5,37.18233762906643,53.2761957423279,25.583443416996932,5200.0,53488.0
5300.0,2.132824821,2.9512715739520888E-8,5300.0,66.37735849056604,35.28125033834025,50.74626865671642,21.91060473269062,5300.0,53488.0
5400.0,2.16068502,2.989822800730665E-8,5400.0,65.87037037037037,33.857588253684014,49.06025428413488,22.62804366078925,5400.0,53488.0
5500.0,2.1879693,3.027577106282115E-8,5500.0,65.69090909090909,33.133512374149774,47.844112769485896,23.972602739726025,5500.0,53488.0
5600.0,2.228255428,3.083322567991084E-8,5600.0,65.375,32.13991985581047,46.40685461580985,24.90317583268785,5600.0,53488.0
5700.0,2.261856331,3.129817427253144E-8,5700.0,65.96491228070175,33.251917332336646,46.394031500414485,26.263778031166872,5700.0,53488.0
5800.0,2.307723405,3.1932854581686356E-8,5800.0,66.39655172413794,34.253412550443215,46.145344017684444,25.921702774610416,5800.0,53488.0
5900.0,2.334980449,3.231002076221423E-8,5900.0,65.27118644067797,32.38793178469104,43.38214976512848,22.120866590649943,5900.0,53488.0
6000.0,2.36230121,3.268806861932907E-8,6000.0,64.43333333333334,31.07068904331888,41.03343465045593,18.890155834283537,6000.0,53488.0
6100.0,2.389640922,3.30663787087053E-8,6100.0,65.01639344262296,32.26084969145992,41.03343465045593,18.89015583428355,6100.0,53488.0
6200.0,2.417075102,3.344599598805937E-8,6200.0,65.58064516129032,33.23807256496934,41.04972375690607,21.02146558105106,6200.0,53488.0
6300.0,2.446809218,3.385743836468292E-8,6300.0,66.12698412698413,34.10443008287013,41.049723756906076,23.840114204139898,6300.0,53488.0
6400.0,2.473826675,3.423128928792559E-8,6400.0,65.578125,33.20832000582116,39.16045291355979,22.1004243281471,6400.0,53488.0
6500.0,2.50062224,3.4602069806390334E-8,6500.0,64.56923076923077,31.587127457301534,36.3987848660591,18.56435643564355,6500.0,53488.0
6600.0,2.527841954,3.4978719437378973E-8,6600.0,64.31818181818181,31.1708684187872,34.98067366096079,18.115438108484014,6600.0,53488.0
6700.0,2.555220884,3.535757220127516E-8,6700.0,64.8507462686567,32.2651502233917,34.998619928236266,18.115438108483996,6700.0,53488.0
6800.0,2.58209847,3.572948767580092E-8,6800.0,64.20588235294117,31.29329194680436,32.81810654154017,15.368567454798344,6800.0,53488.0
6900.0,2.608199615,3.6090659238170414E-8,6900.0,64.08695652173914,31.06829746411064,31.622516556291398,14.58117890382627,6900.0,53488.0
7000.0,2.634468101,3.645414636219127E-8,7000.0,63.628571428571426,30.058716613947094,29.784886927744065,13.928329952670715,7000.0,53488.0
7100.0,2.660848192,3.681917780743705E-8,7100.0,63.36619718309859,29.524063507454684,28.366841090608652,13.242161440960635,7100.0,53488.0
7200.0,2.687456512,3.718736734496222E-8,7200.0,63.458333333333336,29.66948757988814,27.580511973575568,13.567674113009218,7200.0,53488.0
7300.0,2.713615291,3.754933641111271E-8,7300.0,63.78082191780822,30.266104619919343,27.24270776004402,14.378238341968895,7300.0,53488.0
7400.0,2.740364433,3.791947455670684E-8,7400.0,64.27027027027027,31.039932452574792,27.24270776004402,17.06398996235885,7400.0,53488.0
7500.0,2.766555583,3.828189155281004E-8,7500.0,64.74666666666667,31.77680784406387,27.242707760044027,19.586374695863743,7500.0,53488.0
7600.0,2.797415857,3.870891700995879E-8,7600.0,64.19736842105263,30.87674054931726,25.144429160935356,17.74486094316808,7600.0,53488.0
7700.0,2.825587871,3.90987439815907E-8,7700.0,63.46753246753247,29.750349592560397,22.613480055020645,14.963724304715864,7700.0,53488.0
7800.0,2.853505445,3.9485050169275037E-8,7800.0,63.589743589743584,30.028597557293025,21.91366510860598,14.893617021276583,7800.0,53488.0
7900.0,2.880608943,3.986009167486181E-8,7900.0,63.60759493670886,30.189568402020544,20.973062122045075,13.870581186339123,7900.0,53488.0
8000.0,2.907461424,4.0231659761865935E-8,8000.0,63.737500000000004,30.196599676897605,20.258383727322705,15.619546247818498,8000.0,53488.0
8100.0,2.934989339,4.061257408839547E-8,8100.0,64.18518518518519,30.872822656155048,20.258383727322705,18.004522328999446,8100.0,53488.0
8200.0,2.971482956,4.1117550275011197E-8,8200.0,64.41463414634147,31.270419515390905,19.81313547677933,18.854282536151274,8200.0,53488.0
8300.0,3.006817716,4.1606490912487113E-8,8300.0,63.63855421686747,30.055246230697236,17.065127782357788,16.073414905450502,8300.0,53488.0
8400.0,3.043137582,4.210906283982099E-8,8400.0,62.88095238095238,28.890331108264682,14.317120087936239,13.292547274749722,8400.0,53488.0
8500.0,3.077411977,4.258333079976755E-8,8500.0,62.141176470588235,27.77346285119305,11.569112393514688,10.511679644048927,8500.0,53488.0
8600.0,3.104035201,4.295172656966167E-8,8600.0,61.41860465116279,26.702515856487675,8.82110469909315,7.730812013348157,8600.0,53488.0
8700.0,3.131166031,4.332714627862391E-8,8700.0,61.04597701149426,26.22552360729199,6.870019236053866,5.756395995550621,8700.0,53488.0
8800.0,3.159678886,4.372168959800569E-8,8800.0,60.38636363636364,25.281920893359022,4.204451772464977,3.0589543937708723,8800.0,53488.0
8900.0,3.186567346,4.409375554024346E-8,8900.0,59.70786516853933,24.321827502405004,1.456444078043428,0.27808676307008956,8900.0,53488.0
9000.0,3.213585021,4.446760948003581E-8,9000.0,59.211111111111116,23.66438669502075,-0.879362462214889,-2.0856507230255765,9000.0,53488.0
9100.0,3.240828566,4.484458886971905E-8,9100.0,59.505494505494504,24.20578758715763,-1.2362637362637319,-1.7674675504004527,9100.0,53488.0
9200.0,3.268174189,4.522298075187124E-8,9200.0,59.94565217391305,24.817139013380523,-1.2362637362637219,0.9674818597151195,9200.0,53488.0
9300.0,3.307432244,4.576620952823096E-8,9300.0,60.376344086021504,25.405871462631307,-1.2362637362637465,3.559277676001052,9300.0,53488.0
9400.0,3.335268103,4.6151384994093746E-8,9400.0,60.765957446808514,25.905559767474735,-1.3186813186813033,5.942361642438163,9400.0,53488.0
9500.0,3.362077665,4.652235919442028E-8,9500.0,61.178947368421056,26.453757894738622,-1.318681318681303,8.281522009450402,9500.0,53488.0
9600.0,3.389501627,4.690183508338614E-8,9600.0,61.22916666666667,26.4174210017768,-1.3064779531845412,8.975299584250424,9600.0,53488.0
9700.0,3.417356496,4.7287273597915974E-8,9700.0,61.14432989690721,26.18544686724311,-1.1269117252481964,8.939357332689049,9700.0,53488.0
9800.0,3.445502411,4.767673942766671E-8,9800.0,61.05102040816327,25.93082193093662,-0.952129066384537,8.9238845144357,9800.0,53488.0
9900.0,3.473603802,4.8065589161738764E-8,9900.0,60.97979797979798,25.72002842565546,-0.7301173402868366,8.955927409851524,9900.0,53488.0
10000.0,3.503120673,4.8474025435907155E-8,10000.0,60.870000000000005,25.43452823818997,-0.5912596401028197,8.915270018621975,10000.0,53488.0
10100.0,3.532614095,4.888213723726158E-8,10100.0,60.8019801980198,25.22551149012205,-0.35487959442332095,8.946642134314635,10100.0,53488.0
10200.0,3.561318858,4.9279336061303826E-8,10200.0,60.94117647058823,25.467930070060884,0.30030030030028226,9.413369713506127,10200.0,53488.0
10300.0,3.596139779,4.976116651129806E-8,10300.0,61.067961165048544,25.69484040500962,0.91425747467261,9.80656770130455,10300.0,53488.0
10400.0,3.626022885,5.017467051974188E-8,10400.0,61.22115384615384,25.96470653441354,1.5861395802830591,10.298042704626319,10400.0,53488.0
10500.0,3.656011253,5.058963107888484E-8,10500.0,61.32380952380952,26.153355376229005,2.1209930103639425,10.629401408450713,10500.0,53488.0
10600.0,3.685616645,5.099929225210929E-8,10600.0,61.44339622641509,26.364891366534977,2.690476190476191,11.036134087940788,10600.0,53488.0
10700.0,3.716340031,5.1424423537457166E-8,10700.0,61.57943925233644,26.610420737312353,3.293342742884011,11.439034898750522,10700.0,53488.0
10800.0,3.746586429,5.184295455675573E-8,10800.0,61.55555555555555,26.564763244335516,3.554006968641113,11.565495207667727,10800.0,53488.0
10900.0,3.777268511,5.226751430280094E-8,10900.0,61.46788990825688,26.410772048412902,3.603396832683025,11.52306720033705,10900.0,53488.0
11000.0,3.809049346,5.270727791586685E-8,11000.0,61.45454545454545,26.35917221141258,3.876671956472451,11.795298522987311,11000.0,53488.0
11100.0,3.841568122,5.3157252701810675E-8,11100.0,61.45945945945947,26.33095391313576,4.209583519928359,12.138016019716579,11100.0,53488.0
11200.0,3.873226114,5.3595316489131927E-8,11200.0,61.49107142857143,26.33740814592469,4.410460992907795,12.586137008512363,11200.0,53488.0
11300.0,3.904316238,5.4025522468959305E-8,11300.0,61.51327433628319,26.24727124943685,4.4385849263898045,13.210935940929962,11300.0,53488.0
11400.0,3.935935025,5.446304376164659E-8,11400.0,61.377192982456144,25.902925513383785,4.531656548135294,13.258471237194636,11400.0,53488.0
11500.0,3.967856006,5.490474662870998E-8,11500.0,61.22608695652174,25.520575281496306,4.599914420196851,13.282769350447307,11500.0,53488.0
11600.0,4.000014064,5.534973002122509E-8,11600.0,61.07758620689655,25.149238475606662,4.666385135135125,13.289802189360461,11600.0,53488.0
11700.0,4.032474369,5.579889572149765E-8,11700.0,60.98290598290599,24.870384692100888,4.776804338756784,13.45971563981043,11700.0,53488.0
11800.0,4.064231161,5.623832664234358E-8,11800.0,61.30508474576272,25.268398947143123,4.795663052543806,15.01954215522055,11800.0,53488.0
11900.0,4.09714629,5.669378591688972E-8,11900.0,61.34453781512605,25.36076900933315,5.017551104687182,15.082148790843641,11900.0,53488.0
12000.0,4.130886531,5.716066258290163E-8,12000.0,61.425,25.522944290872722,5.356777755060298,15.250823874038815,12000.0,53488.0
12100.0,4.170370228,5.770701365422872E-8,12100.0,61.52892561983471,25.727097895154298,5.731065208586473,15.471218449246402,12100.0,53488.0
12200.0,4.205113528,5.81877700326509E-8,12200.0,61.63114754098361,25.927887832065206,6.098294884653978,15.688040345821339,12200.0,53488.0
12300.0,4.240652094,5.867953081198037E-8,12300.0,61.739837398373986,26.140050707370566,6.478537360890299,15.919242451313217,12300.0,53488.0
12400.0,4.272262025,5.911692956079626E-8,12400.0,61.766129032258064,26.20342159321295,6.599684791174146,15.969514356611125,12400.0,53488.0
12500.0,4.302670521,5.953770359234264E-8,12500.0,61.672000000000004,26.031457741832025,6.535310183378865,15.82923401264934,12500.0,53488.0
12600.0,4.332354709,5.994845509606518E-8,12600.0,61.6031746031746,25.90472224481022,6.530139103554877,15.743643329850233,12600.0,53488.0
12700.0,4.361574015,6.035277384910734E-8,12700.0,61.64566929133858,25.97113839283042,6.828615149196618,15.930272695892292,12700.0,53488.0
12800.0,4.390805163,6.075725646444908E-8,12800.0,61.6796875,26.04413887078787,7.067070860174315,16.010273972602754,12800.0,53488.0
12900.0,4.420531568,6.116859214100575E-8,12900.0,61.75968992248062,26.174448526238482,7.483120780195049,16.29051416935347,12900.0,53488.0
13000.0,4.449714711,6.157241049273562E-8,13000.0,61.823076923076925,26.274737768478605,7.836583101207051,16.532122435250592,13000.0,53488.0
13100.0,4.478760871,6.197433335811316E-8,13100.0,61.90076335877862,26.397276593077407,8.219933799190876,16.816666666666652,13100.0,53488.0
13200.0,4.508180653,6.238142617452063E-8,13200.0,61.62878787878788,26.018528276617452,7.2853743364451775,15.835825855766048,13200.0,53488.0
13300.0,4.537679457,6.278961244867496E-8,13300.0,61.255639097744364,25.485521761934304,5.846884706742199,14.529772764969328,13300.0,53488.0
13400.0,4.567993002,6.32090726067871E-8,13400.0,61.17910447761194,25.35520655754685,6.422018348623862,14.384463462804492,13400.0,53488.0
13500.0,4.597399559,6.361598242379313E-8,13500.0,61.133333333333326,25.255643647627135,7.0669500531349625,14.376631853785895,13500.0,53488.0
13600.0,4.632549005,6.410235880031769E-8,13600.0,61.088235294117645,25.151852783668183,6.286523817956416,14.410480349344962,13600.0,53488.0
13700.0,4.669985965,6.462038838612952E-8,13700.0,60.64233576642336,24.534476166876416,4.515672038250415,12.793142487465644,13700.0,53488.0
13800.0,4.708356326,6.515133379986718E-8,13800.0,60.56521739130435,24.392231112374002,3.6643653744025526,12.690518209529921,13800.0,53488.0
13900.0,4.73836591,6.556658793294597E-8,13900.0,60.77697841726619,24.615807487066796,3.5044247787610803,13.775106753123529,13900.0,53488.0
13910.0,4.742762794,6.562742930461137E-8,13910.0,60.80517613227894,24.646964914132663,3.504424778761074,13.911258487288801,13910.0,53488.0
