learning evaluation instances,evaluation time (cpu seconds),model cost (RAM-Hours),classified instances,classifications correct (percent),Kappa Statistic (percent),Kappa Temporal Statistic (percent),Kappa M Statistic (percent),model training instances,model serialized size (bytes)
100.0,5.481214274,2.5800197597534743E-5,100.0,53.0,6.000000000000005,52.52525252525253,6.000000000000005,100.0,1.8194856E7
200.0,11.005373028,5.182886562714448E-5,200.0,58.5,16.999999999999993,58.291457286432156,16.999999999999993,200.0,1.821328E7
300.0,16.520956377,7.783193352402798E-5,300.0,63.33333333333333,26.66666666666666,63.21070234113713,26.66666666666666,300.0,1.8223656E7
400.0,22.030135337,1.0382202486363917E-4,400.0,64.75,29.499999999999993,64.66165413533834,29.499999999999993,400.0,1.8235736E7
500.0,27.695721194,1.3057028967516354E-4,500.0,65.4,30.800000000000004,65.33066132264528,30.800000000000004,500.0,1.8249592E7
600.0,33.644553859,1.5866893867319353E-4,600.0,65.0,30.000000000000004,64.9415692821369,30.000000000000004,600.0,1.825812E7
700.0,39.817450787,1.8783698105484905E-4,700.0,65.57142857142857,31.14285714285714,65.52217453505007,31.14285714285714,700.0,1.826504E7
800.0,46.100713967,2.175496056053313E-4,800.0,65.25,30.499999999999993,65.20650813516896,30.499999999999993,800.0,1.827924E7
900.0,52.361627045,2.471675537992703E-4,900.0,64.44444444444444,28.888888888888896,64.40489432703004,28.888888888888896,900.0,1.828604E7
1000.0,58.702167651,2.771795892306336E-4,1000.0,65.0,30.000000000000004,64.96496496496496,30.000000000000004,1000.0,1.8296648E7
1100.0,65.104169518,3.074918306691801E-4,1100.0,65.54545454545455,31.09090909090908,65.51410373066425,31.09090909090908,1100.0,1.8302256E7
1200.0,71.543211262,3.3798844400352503E-4,1200.0,65.5,31.000000000000007,65.47122602168474,31.000000000000007,1200.0,1.8307656E7
1300.0,78.257810064,3.698017692298878E-4,1300.0,65.3076923076923,30.61538461538462,65.28098537336413,30.61538461538462,1300.0,1.8314344E7
1400.0,84.778056534,4.0070066227260886E-4,1400.0,65.57142857142857,31.14285714285714,65.54681915654038,31.14285714285714,1400.0,1.8318136E7
1500.0,91.327055004,4.317431141183637E-4,1500.0,65.53333333333333,31.066666666666663,65.51034022681787,31.066666666666663,1500.0,1.8322448E7
1600.0,97.946813573,4.631265196021107E-4,1600.0,65.6875,31.374999999999996,65.66604127579737,31.374999999999996,1600.0,1.8325688E7
1700.0,104.57826475,4.945719596832306E-4,1700.0,65.88235294117646,31.76470588235294,65.86227192466157,31.76470588235294,1700.0,1.8329536E7
1800.0,111.23097951,5.261239977846653E-4,1800.0,65.83333333333333,31.666666666666664,65.81434130072262,31.666666666666664,1800.0,1.8332888E7
1900.0,117.91986867,5.578539416033305E-4,1900.0,66.0,32.00000000000001,65.98209583991574,32.00000000000001,1900.0,1.8336552E7
2000.0,124.611158473,5.896015327479704E-4,2000.0,66.10000000000001,32.2,66.08304152076039,32.2,2000.0,1.8340168E7
2100.0,131.377059066,6.217089204716002E-4,2100.0,65.9047619047619,31.8095238095238,65.88851834206764,31.8095238095238,2100.0,1.834348E7
2200.0,138.162363081,6.539146637573835E-4,2200.0,66.18181818181819,32.363636363636374,66.16643929058664,32.363636363636374,2200.0,1.8347056E7
2300.0,144.970970683,6.86236552922505E-4,2300.0,66.0,32.00000000000001,65.98521096128752,32.00000000000001,2300.0,1.83502E7
2400.0,151.760384804,7.184736216371265E-4,2400.0,66.16666666666666,32.33333333333333,66.1525635681534,32.33333333333333,2400.0,1.8353784E7
2500.0,158.65582082,7.512189203810139E-4,2500.0,66.2,32.400000000000006,66.18647458983594,32.400000000000006,2500.0,1.8356488E7
2600.0,165.578994828,7.841004700397996E-4,2600.0,66.42307692307692,32.84615384615384,66.41015775298192,32.84615384615384,2600.0,1.8359016E7
2700.0,172.598022333,8.174420397097863E-4,2700.0,66.44444444444444,32.88888888888888,66.43201185624305,32.88888888888888,2700.0,1.836164E7
2800.0,179.714635878,8.512525944483564E-4,2800.0,66.25,32.49999999999999,66.23794212218648,32.49999999999999,2800.0,1.8364592E7
2900.0,186.677294862,8.843373124336458E-4,2900.0,65.96551724137932,31.931034482758626,65.9537771645395,31.931034482758626,2900.0,1.8367696E7
3000.0,193.585865289,9.171691622954108E-4,3000.0,65.76666666666667,31.533333333333324,65.75525175058353,31.533333333333324,3000.0,1.8370016E7
3100.0,200.535609069,9.502175518422682E-4,3100.0,65.64516129032259,31.290322580645167,65.27551353113793,30.573663624511095,3100.0,1.8381624E7
3200.0,207.505984317,9.83375750447211E-4,3200.0,65.40625,30.8125,64.66645387807213,29.355456285896626,3200.0,1.8388112E7
3300.0,214.555367477,0.0010169149849319208,3300.0,65.48484848484848,30.96969696969698,64.40625000000001,28.812500000000014,3300.0,1.839096E7
3400.0,221.724506682,0.001051029108144765,3400.0,65.61764705882352,31.23529411764705,64.21793694520967,28.45777233782129,3400.0,1.839372E7
3500.0,228.828323591,0.0010848381751938736,3500.0,65.54285714285714,31.085714285714296,63.81638163816382,27.654469106178777,3500.0,1.8396864E7
3600.0,235.92491876,0.0011186172634057388,3600.0,65.66666666666666,31.333333333333325,63.6470588235294,27.294117647058812,3600.0,1.8399256E7
3700.0,243.120247523,0.0011528733127213777,3700.0,65.7027027027027,31.405405405405396,63.39775021632534,26.81660899653978,3700.0,1.8403016E7
3800.0,250.389324805,0.0011874872843875913,3800.0,65.52631578947368,31.052631578947377,62.921030285876036,25.863044708545562,3800.0,1.840664E7
3900.0,257.654116022,0.0012220872215701032,3900.0,65.43589743589745,30.871794871794876,62.555555555555564,25.11111111111112,3900.0,1.8410032E7
4000.0,264.943116895,0.0012568063839945535,4000.0,65.55,31.099999999999994,62.42159803654212,24.86368593238822,4000.0,1.8412112E7
4100.0,272.242945055,0.0012915806544570956,4100.0,65.75609756097562,31.512195121951226,62.389499062416284,24.799143010176756,4100.0,1.8413984E7
4200.0,279.560085333,0.0013264417410555186,4200.0,65.64285714285715,31.285714285714295,62.026315789473685,24.05263157894737,4200.0,1.841628E7
4300.0,286.901409103,0.001361421433364108,4300.0,65.69767441860465,31.39534883720929,61.856736488233764,23.73319544984487,4300.0,1.8418064E7
4400.0,294.309409318,0.0013967222576400388,4400.0,65.52272727272728,31.045454545454554,61.42893465547928,22.877478393492634,4400.0,1.8419856E7
4500.0,301.71544411,0.0014320174254959022,4500.0,65.46666666666667,30.933333333333323,61.150000000000006,22.299999999999983,4500.0,1.8421792E7
4600.0,309.204946527,0.0014677206387900092,4600.0,65.54347826086956,31.08695652173914,61.008610086100866,22.6829268292683,4600.0,1.8427088E7
4700.0,316.749106479,0.0015036908584146677,4700.0,65.53191489361701,31.049858721939298,60.79380445304936,22.820390662220092,4700.0,1.8430392E7
4800.0,324.321610574,0.001539802427805152,4800.0,65.625,31.236426357077768,60.695569318723194,23.220102373196845,4800.0,1.843356E7
4900.0,331.905191829,0.0015759717499183041,4900.0,65.61224489795919,31.224489795918366,60.492379835873386,23.409090909090917,4900.0,1.8436072E7
5000.0,339.538499092,0.0016123826283240407,5000.0,65.60000000000001,31.18695304629759,60.295475530932585,23.521565140062254,5000.0,1.8438296E7
5100.0,347.196735461,0.00164891687229229,5100.0,65.37254901960785,30.732197876451878,59.84538426557526,23.183993040452368,5100.0,1.8440544E7
5200.0,354.949172078,0.0016859059613862368,5200.0,65.28846153846153,30.57692307692308,59.57446808510637,23.19148936170212,5200.0,1.8443264E7
5300.0,362.971338119,0.0017241892287767943,5300.0,65.32075471698113,30.629033032213552,59.443954104148276,23.38474364318467,5300.0,1.8446744E7
5400.0,370.858498426,0.0017618331696753775,5400.0,65.46296296296296,30.913757649495473,59.4388864723793,23.846467946100464,5400.0,1.8449168E7
5500.0,378.702072803,0.0017992716154471608,5500.0,65.5090909090909,31.018181818181812,59.335476956055736,24.12,5500.0,1.8450416E7
5600.0,386.580827392,0.0018368813890851546,5600.0,65.48214285714286,30.95269563105235,59.150464919695686,24.16633974107493,5600.0,1.8452088E7
5700.0,394.659821084,0.001875450963768314,5700.0,65.47368421052632,30.936068209867766,58.98290954564401,24.27856868026165,5700.0,1.8453976E7
5800.0,403.049019995,0.0019155077783104726,5800.0,65.46551724137932,30.931034482758623,58.8283658787256,24.41509433962264,5800.0,1.845688E7
5900.0,412.206146454,0.0019592375535367437,5900.0,65.66101694915254,31.311291544704655,58.9213300892133,24.935161170803987,5900.0,1.845952E7
5995.0,420.360260889,0.001998184102909665,5995.0,65.80483736447039,31.6044660910417,58.95895895895896,25.373134328358216,5995.0,1.8462672E7
