learning evaluation instances,evaluation time (cpu seconds),model cost (RAM-Hours),classified instances,classifications correct (percent),Kappa Statistic (percent),Kappa Temporal Statistic (percent),Kappa M Statistic (percent),model training instances,model serialized size (bytes)
100.0,8.486768182,5.3647620474940134E-5,100.0,100.0,?,?,?,100.0,2.4434896E7
200.0,17.615372301,1.1517154146329855E-4,200.0,97.0,55.621301775147955,-50.0,0.0,200.0,2.6052056E7
300.0,26.745812202,1.7674088486725853E-4,300.0,98.0,56.140350877192816,-50.00000000000042,0.0,300.0,2.6066048E7
400.0,36.053979802,2.3952503647151356E-4,400.0,98.5,56.39534883720939,-50.0,0.0,400.0,2.6072832E7
500.0,45.321131248,3.020451900151538E-4,500.0,93.8,22.391347887041857,-416.6666666666667,-287.5,500.0,2.6078112E7
600.0,54.629950112,3.648619007192988E-4,600.0,94.33333333333334,24.107142857142993,-325.0000000000006,-239.9999999999988,600.0,2.6084528E7
700.0,63.828984309,4.2697244392242136E-4,700.0,94.42857142857143,40.949991347984124,-225.0000000000003,-77.27272727272702,700.0,2.6099096E7
800.0,72.95007815,4.886642311839147E-4,800.0,92.25,70.21808050725333,-376.9230769230774,49.180327868852444,800.0,2.6144648E7
900.0,82.176099855,5.511073189740621E-4,900.0,90.88888888888889,72.97000329634106,-192.85714285714317,59.20398009950249,900.0,2.616208E7
1000.0,91.72563419,6.157636653823201E-4,1000.0,91.3,76.59377555852095,-35.937500000000064,66.147859922179,1000.0,2.6171664E7
1100.0,101.462940208,6.817160307122361E-4,1100.0,86.9090909090909,66.26557342136088,-49.999999999999936,55.69230769230769,1100.0,2.6181464E7
1200.0,111.340112312,7.486342726649546E-4,1200.0,85.83333333333333,63.285448439451585,-45.2991452991453,52.64623955431753,1200.0,2.618872E7
1300.0,121.257848913,8.158384041400777E-4,1300.0,82.92307692307692,56.79989940932917,-77.60000000000004,47.016706443914074,1300.0,2.6193032E7
1400.0,131.470121445,8.85061690520862E-4,1400.0,81.0,53.22689227615728,-83.44827586206898,44.35146443514646,1400.0,2.6201864E7
1500.0,142.243955271,9.581062256817347E-4,1500.0,78.86666666666666,48.76408852875891,-77.09497206703921,40.747663551401864,1500.0,2.6207152E7
1600.0,153.624632654,0.0010352781399850589,1600.0,76.8125,44.70877096241759,-66.3677130044843,37.54208754208752,1600.0,2.62116E7
1700.0,164.901762135,0.0011117581927338027,1700.0,75.3529411764706,42.268539231133325,-74.58333333333326,35.83460949464013,1700.0,2.6215128E7
1800.0,176.403776748,0.0011897966428193038,1800.0,74.72222222222223,41.1130284728214,-60.21126760563378,34.99999999999999,1800.0,2.6226304E7
1900.0,187.884812188,0.001267702852692523,1900.0,73.36842105263159,39.32149132551048,-67.54966887417217,34.11458333333334,1900.0,2.6229704E7
2000.0,199.485749356,0.0013464368144255744,2000.0,72.95,38.253287070854654,-61.97604790419155,33.04455445544556,2000.0,2.6234416E7
2100.0,211.207354075,0.0014260066630489496,2100.0,71.66666666666667,36.83651804670914,-60.37735849056606,32.539682539682545,2100.0,2.624E7
2200.0,222.921567963,0.0015055334923664452,2200.0,69.9090909090909,34.178473775789215,-66.33165829145729,30.680628272251308,2200.0,2.624236E7
2300.0,234.613003833,0.0015849141040420595,2300.0,69.26086956521739,33.439485231514816,-73.71007371007371,30.344827586206886,2300.0,2.6245144E7
2400.0,246.437113431,0.0016652116732611781,2400.0,68.75,32.66053727912656,-74.01392111368911,29.7752808988764,2400.0,2.6250424E7
2500.0,258.40550308,0.001746497321935314,2500.0,68.32000000000001,31.89941474769765,-72.54901960784314,29.159212880143127,2500.0,2.6253096E7
2600.0,270.322846595,0.001827448095004075,2600.0,66.6923076923077,30.52607154494022,-88.6710239651416,28.899835796387528,2600.0,2.6256928E7
2700.0,282.367791756,0.0019092795858347607,2700.0,65.48148148148148,29.899512606053307,-103.0501089324618,29.286798179059183,2700.0,2.6261408E7
2800.0,294.725757136,0.001993248608526371,2800.0,64.42857142857143,29.42619814516015,-116.9934640522876,27.93053545586106,2800.0,2.6264824E7
2900.0,306.734409963,0.0020748639054458486,2900.0,63.241379310344826,28.557694618693972,-132.24400871459702,22.865412445730815,2900.0,2.6271184E7
3000.0,318.62918113,0.002155716814838192,3000.0,62.2,27.86528747018771,-147.05882352941174,17.945007235890014,3000.0,2.6274952E7
3100.0,330.538433628,0.0022366782643469087,3100.0,61.193548387096776,27.150157447706263,-162.09150326797385,12.952243125904486,3100.0,2.6278232E7
3200.0,342.499512946,0.0023179964491490505,3200.0,61.0,27.611048595723943,-169.54643628509726,10.086455331412095,3200.0,2.6279656E7
3300.0,354.689251667,0.0024008769853861296,3300.0,61.57575757575757,28.77692184354821,-168.0761099365751,10.767065446868406,3300.0,2.6282128E7
3400.0,366.738246749,0.0024828036439359037,3400.0,61.0,28.429529502419815,-177.98742138364787,7.077785564120524,3400.0,2.6283112E7
3500.0,378.894379248,0.002565461823219852,3500.0,61.199999999999996,28.727465102999528,-179.42386831275712,7.744565217391306,3500.0,2.628408E7
3600.0,391.045264027,0.0026480892232985265,3600.0,61.05555555555555,28.49522919013111,-184.38133874239358,7.458745874587438,3600.0,2.628564E7
3700.0,403.337776525,0.0027316878490024287,3700.0,61.24324324324324,28.76068730670606,-188.53118712273653,8.13581037796284,3700.0,2.62882E7
3800.0,415.67518381,0.0028155957773393133,3800.0,61.1578947368421,28.887040598845964,-184.94208494208507,6.8769716088327995,3800.0,2.6289448E7
3900.0,428.119976315,0.002900236927839595,3900.0,61.30769230769231,29.008314269846338,-182.05607476635524,7.819181429444098,3900.0,2.6290344E7
4000.0,440.529305073,0.0029846419114191915,4000.0,60.650000000000006,28.496261385687045,-194.2056074766354,3.848503359804531,4000.0,2.6291912E7
4100.0,452.905060077,0.0030688272179572687,4100.0,60.951219512195124,29.32994960582991,-198.13780260707634,2.7929568913175498,4100.0,2.6294624E7
4200.0,465.334716186,0.003153381601523885,4200.0,60.61904761904762,29.025060075523506,-202.37659963436926,0.8393285371702552,4200.0,2.6295376E7
4300.0,477.895327058,0.0032388318913522487,4300.0,60.46511627906976,29.154859143190524,-210.21897810218974,-1.7964071856287516,4300.0,2.6296936E7
4400.0,490.516703385,0.003324698522471459,4400.0,60.5,29.22991725845331,-211.4695340501792,-1.756440281030449,4400.0,2.629784E7
4500.0,503.019626329,0.0034097638891913895,4500.0,60.44444444444444,29.209277349567063,-217.29055258467014,-2.240091901206215,4500.0,2.6299264E7
4600.0,515.50677664,0.0034947257952978703,4600.0,60.28260869565217,29.235131142604832,-225.0889679715303,-4.579278763594736,4600.0,2.6300456E7
4700.0,528.14563997,0.0035807229306618125,4700.0,60.29787234042553,29.242714223084153,-230.2654867256638,-4.304080491894934,4700.0,2.6301368E7
4800.0,540.805947024,0.003666947067748779,4800.0,60.479166666666664,29.596021451502157,-228.7694974003466,-4.5179063360881555,4800.0,2.6326128E7
4900.0,553.476879325,0.0037532494169319405,4900.0,60.795918367346935,30.21342330482726,-229.50257289879937,-4.915346805024575,4900.0,2.6327912E7
5000.0,566.206142421,0.003839952326781661,5000.0,61.08,30.802895497010873,-229.27241962774966,-5.818379554105485,5000.0,2.6328904E7
5100.0,578.951267364,0.003926769396082667,5100.0,61.509803921568626,31.550204994531565,-231.02866779089362,-5.9935205183585225,5100.0,2.633076E7
5200.0,591.685421309,0.004013515897327332,5200.0,61.71153846153846,31.979850709398416,-233.50083752093812,-7.2737068965517295,5200.0,2.6332024E7
5300.0,604.451040391,0.00410047980735127,5300.0,62.075471698113205,32.605671119217796,-233.3333333333334,-7.948442534908719,5300.0,2.6332952E7
5400.0,617.252129394,0.004187692663141351,5400.0,62.59259259259259,33.37379281228559,-231.69129720853869,-7.218683651804675,5400.0,2.633516E7
5500.0,630.062226068,0.00427497704155422,5500.0,63.0,34.00729519354952,-230.89430894308944,-7.218124341412004,5500.0,2.6338224E7
5600.0,642.885685623,0.0043623599815416645,5600.0,63.517857142857146,34.79762461103577,-231.1183144246352,-7.5263157894736645,5600.0,2.6340488E7
5700.0,655.771856821,0.004450173884695313,5700.0,63.73684210526316,34.943018612130984,-229.66507177033498,-7.488299531981291,5700.0,2.6341576E7
5800.0,668.663527446,0.0045380283324368866,5800.0,64.12068965517241,35.414805419295966,-225.66510172143958,-7.323362558019582,5800.0,2.6342496E7
5900.0,681.559554583,0.0046259174866967075,5900.0,64.4406779661017,35.727504808416754,-224.26584234930448,-6.659888154550055,5900.0,2.6344E7
6000.0,694.474861716,0.004713948970613452,6000.0,64.71666666666667,35.963478916345984,-222.2222222222221,-6.542526421741302,6000.0,2.6347272E7
6100.0,707.416282831,0.004802164287782313,6100.0,64.98360655737704,36.15296631252607,-218.33084947839052,-5.377405032067087,6100.0,2.6349016E7
6200.0,720.441608079,0.004890957468855956,6200.0,65.03225806451613,35.89821237389211,-214.65892597968087,-4.987893462469764,6200.0,2.6350776E7
6300.0,733.540647673,0.004980257007614851,6300.0,65.14285714285715,35.81022676878904,-214.16309012875544,-4.721030042918445,6300.0,2.6351912E7
6400.0,746.592450045,0.005069237273254126,6400.0,65.4375,36.077741256993875,-212.87128712871285,-4.3888626710712595,6400.0,2.6352728E7
6500.0,759.637142734,0.005158173982367276,6500.0,65.66153846153846,36.234653661606785,-212.6050420168068,-3.573085846867747,6500.0,2.6354184E7
6600.0,772.864471389,0.005248367126687001,6600.0,65.80303030303031,36.23982680202681,-212.6038781163435,-3.0593607305936024,6600.0,2.6357472E7
6700.0,786.024599421,0.00533810613577136,6700.0,65.98507462686567,36.330769601556604,-211.76470588235296,-2.519118308591992,6700.0,2.6358672E7
6800.0,799.239576239,0.005428226352122903,6800.0,66.19117647058823,36.500669063901924,-211.0960757780786,-2.496656263932252,6800.0,2.6360776E7
6900.0,812.487397246,0.005518574115425812,6900.0,66.57971014492755,37.00508705479364,-211.20107962213228,-2.7171492204899526,6900.0,2.6361816E7
7000.0,825.765971875,0.005609136944309493,7000.0,66.65714285714286,36.86951138980198,-211.6154873164219,-2.4133391838525444,7000.0,2.6363368E7
7100.0,838.952643146,0.005699076028490294,7100.0,66.90140845070422,37.081308823414055,-212.49999999999994,-2.530541012216423,7100.0,2.6364264E7
7200.0,852.190844291,0.005789368871223826,7200.0,67.23611111111111,37.471284679271946,-213.28021248339968,-2.342733188720193,7200.0,2.6364936E7
7300.0,865.442960781,0.005879766745782397,7300.0,67.38356164383562,37.537329255714845,-214.53104359313065,-1.8827556696619379,7300.0,2.6367888E7
7400.0,878.616973274,0.005969632878471473,7400.0,67.7972972972973,38.073143518234325,-214.7952443857331,-1.968335472828392,7400.0,2.6368192E7
7500.0,891.874905888,0.006060073747170639,7500.0,68.21333333333334,38.60135957468186,-214.09749670619246,-1.9238991021804208,7500.0,2.6368856E7
7600.0,905.142023244,0.006150579028183649,7600.0,68.63157894736842,39.12925512153958,-214.0974967061923,-1.923899102180416,7600.0,2.6369368E7
7700.0,918.409523198,0.006241090433881094,7700.0,68.97402597402598,39.5382221983235,-214.75625823451924,-2.137665669089337,7700.0,2.6370392E7
7800.0,931.668431326,0.006331544378314077,7800.0,69.37179487179486,40.02390006159119,-214.75625823451912,-2.1376656690893845,7800.0,2.6370728E7
7900.0,944.96104071,0.006422230190211051,7900.0,69.74683544303798,40.47096950061762,-214.88801054018433,-2.1804189824711306,7900.0,2.6371296E7
8000.0,958.150721655,0.006512217344850879,8000.0,70.125,40.91853995374467,-214.88801054018424,-2.1804189824711098,8000.0,2.6372336E7
8100.0,971.311610717,0.006602010517061001,8100.0,70.46913580246914,41.311711953161826,-215.151515151515,-2.2659256092346807,8100.0,2.6373056E7
8200.0,984.469757856,0.006691786915359607,8200.0,70.8170731707317,41.7074264523622,-215.28326745718064,-2.3086789226165045,8200.0,2.6373624E7
8300.0,997.614667044,0.0067814750603313375,8300.0,71.13253012048193,42.05178996702335,-215.67852437417642,-2.4369388627618482,8300.0,2.6374232E7
8400.0,1010.732418726,0.0068710121159552655,8400.0,71.44047619047619,42.382508821495335,-216.07378129117282,-2.565198802907216,8400.0,2.6384312E7
8500.0,1023.808323593,0.006960266084093748,8500.0,71.75294117647059,42.718031308959716,-216.3372859025032,-2.650705429670826,8500.0,2.6385064E7
8600.0,1036.917414775,0.0070497480687259995,8600.0,72.05813953488372,43.04099533530288,-216.600790513834,-2.7362120564343404,8600.0,2.6385504E7
8700.0,1050.000493477,0.007139054307649356,8700.0,72.34482758620689,43.334673342347934,-216.99604743083012,-2.8644719965797223,8700.0,2.638604E7
8800.0,1063.172971791,0.0072289737949414205,8800.0,72.5909090909091,43.55822804703162,-216.12057667103545,-2.8571428571428417,8800.0,2.638692E7
8900.0,1076.358881341,0.0073189883792865,8900.0,72.89887640449439,43.925482653621245,-215.2941176470588,-2.5946405784772564,8900.0,2.638792E7
9000.0,1089.402685576,0.007408037406464143,9000.0,73.16666666666667,44.189269734247965,-215.68627450980404,-2.722245852828567,9000.0,2.6389264E7
9100.0,1102.412206826,0.0074968583905767,9100.0,73.37362637362638,44.359583456309714,-216.73202614379065,-3.062526584432137,9100.0,2.6391048E7
9200.0,1115.434740194,0.007585770881601823,9200.0,73.59782608695652,44.55561924784522,-217.5163398692809,-3.317737133134856,9200.0,2.639184E7
9300.0,1128.681926129,0.007676222307231243,9300.0,73.5268817204301,44.23440343189088,-216.4524421593832,-3.3585222502099312,9300.0,2.6393328E7
9324.0,1132.534090904,0.007702525030795421,9324.0,73.54139854139854,44.197311317774904,-215.47314578005117,-3.3514872224549825,9324.0,2.6393576E7
