learning evaluation instances,evaluation time (cpu seconds),model cost (RAM-Hours),classified instances,classifications correct (percent),Kappa Statistic (percent),Kappa Temporal Statistic (percent),Kappa M Statistic (percent),model training instances,model serialized size (bytes)
100.0,0.532602313,4.2428838362288145E-8,100.0,100.0,?,?,?,100.0,307936.0
200.0,0.789107354,6.429566976061092E-8,200.0,95.5,37.75933609958513,-125.0,-50.0,200.0,329528.0
300.0,0.956100339,7.854031656679802E-8,300.0,90.33333333333333,14.302600472813237,-625.0000000000014,-383.333333333333,300.0,329728.0
400.0,1.066009806,8.79168270048044E-8,400.0,89.0,9.61380443714046,-999.999999999999,-633.3333333333326,400.0,329768.0
500.0,1.147740666,9.489006277648527E-8,500.0,87.0,5.7752522324017,-983.3333333333323,-712.4999999999993,500.0,329800.0
600.0,1.227827918,1.0172091200475479E-7,600.0,87.16666666666667,4.426975589573993,-862.5000000000016,-669.9999999999975,600.0,329696.0
700.0,1.318484429,1.0947763173836802E-7,700.0,86.42857142857143,1.0769963108415106,-691.6666666666672,-331.8181818181811,700.0,330736.0
800.0,1.376460588,1.144501657468536E-7,800.0,76.375,-4.376639514013533,-1353.8461538461547,-54.91803278688525,800.0,331536.0
900.0,1.443787844,1.202270990512065E-7,900.0,72.44444444444444,6.285426376117918,-785.7142857142863,-23.3830845771144,900.0,331672.0
1000.0,1.541587792,1.2861971666236306E-7,1000.0,69.89999999999999,4.541418241786122,-370.3125000000005,-17.1206225680934,1000.0,331712.0
1100.0,1.642498401,1.3728031717190106E-7,1100.0,67.18181818181819,4.543269230769261,-276.0416666666666,-11.076923076923075,1100.0,331752.0
1200.0,1.74110175,1.457439186427763E-7,1200.0,67.0,4.354371882761663,-238.46153846153834,-10.306406685236746,1200.0,331792.0
1300.0,1.83467774,1.537759976201608E-7,1300.0,67.61538461538461,14.958481465828017,-236.80000000000007,-0.47732696897376603,1300.0,331792.0
1400.0,1.920062753,1.611064192046453E-7,1400.0,68.07142857142857,21.268361908883683,-208.27586206896564,6.485355648535561,1400.0,331856.0
1500.0,1.987807828,1.6692284830552425E-7,1500.0,68.93333333333334,26.751825964853452,-160.33519553072634,12.897196261682254,1500.0,331880.0
1600.0,2.054575927,1.7265553478192127E-7,1600.0,69.375,30.316561904491024,-119.73094170403584,17.508417508417494,1600.0,331888.0
1700.0,2.123274822,1.785541409317425E-7,1700.0,70.11764705882354,33.8303464022741,-111.66666666666659,22.205206738131704,1700.0,331896.0
1800.0,2.195557448,1.8476060203079757E-7,1800.0,70.11111111111111,34.56756756756757,-89.43661971830983,23.14285714285714,1800.0,331904.0
1900.0,2.264464359,1.9067692618464225E-7,1900.0,70.84210526315789,37.499703114683236,-83.44370860927154,27.864583333333332,1900.0,331888.0
2000.0,2.342845128,1.9740634815869028E-7,2000.0,70.95,38.03327645051195,-73.95209580838318,28.0940594059406,2000.0,331872.0
2100.0,2.432156954,2.0507518595789252E-7,2100.0,71.80952380952381,40.97471484406159,-59.56873315363883,32.87981859410432,2100.0,331912.0
2200.0,2.502360568,2.111032804756757E-7,2200.0,72.63636363636363,43.47779698269422,-51.256281407035196,36.9633507853403,2200.0,331912.0
2300.0,2.582521749,2.1798589245854365E-7,2300.0,73.30434782608695,45.170270343724404,-50.85995085995083,39.50738916256158,2300.0,331888.0
2400.0,2.663634458,2.2495053805743866E-7,2400.0,73.75,46.30895362116279,-46.171693735498835,41.011235955056186,2400.0,331904.0
2500.0,2.739783651,2.3148883970164595E-7,2500.0,74.36,47.68132786585526,-39.65141612200435,42.66547406082291,2500.0,331896.0
2600.0,2.806333936,2.3720337567281812E-7,2600.0,74.92307692307692,49.36460827466893,-42.04793028322439,46.469622331691305,2600.0,331920.0
2700.0,2.870539299,2.4271682377872785E-7,2700.0,75.51851851851852,50.90341890687412,-44.00871459694986,49.84825493171471,2700.0,331936.0
2800.0,2.945364788,2.491422442003961E-7,2800.0,76.14285714285714,52.33474140883663,-45.53376906318082,51.66425470332852,2800.0,331936.0
2900.0,3.010628398,2.54746971387797E-7,2900.0,76.44827586206897,53.013565266238295,-48.80174291938997,50.578871201157746,2900.0,331960.0
3000.0,3.078263965,2.60555538163864E-7,3000.0,77.03333333333333,54.14602461340241,-50.10893246187362,50.14471780028943,3000.0,331968.0
3100.0,3.136124503,2.6552378370053656E-7,3100.0,77.61290322580645,55.18820371225136,-51.19825708061002,49.782923299565844,3100.0,331912.0
3200.0,3.194660642,2.7054979801258903E-7,3200.0,78.125,56.06809445359693,-51.18790496760263,49.56772334293948,3200.0,331896.0
3300.0,3.253822014,2.756294959132767E-7,3300.0,78.39393939393939,56.509861387544106,-50.73995771670192,49.82406755805771,3300.0,331896.0
3400.0,3.312370569,2.806565762846007E-7,3400.0,78.91176470588235,57.323640091479845,-50.3144654088051,49.75473020322353,3400.0,331896.0
3500.0,3.37383161,2.859347453509251E-7,3500.0,79.11428571428571,57.69477270427381,-50.41152263374481,50.339673913043484,3500.0,331960.0
3600.0,3.439281119,2.9155543722644866E-7,3600.0,79.19444444444444,57.81747186423497,-51.926977687626795,50.56105610561056,3600.0,331960.0
3700.0,3.500544835,2.968166603593156E-7,3700.0,79.05405405405406,57.46154850347725,-55.93561368209258,50.352338244714936,3700.0,331960.0
3800.0,3.563527323,3.022256190403427E-7,3800.0,79.39473684210526,58.02023223330559,-51.158301158301214,50.59936908517351,3800.0,331968.0
3900.0,3.630624353,3.0798821379430183E-7,3900.0,79.61538461538461,58.478857093881565,-48.59813084112158,51.435552840561996,3900.0,331984.0
4000.0,3.690896021,3.131646157576848E-7,4000.0,79.9,58.824732917705546,-50.28037383177563,50.88576664630423,4000.0,331984.0
4100.0,3.753701784,3.1855839723226514E-7,4100.0,80.07317073170732,58.96584672677382,-52.14152700186215,50.39465695203401,4100.0,331968.0
4200.0,3.826856444,3.248409456966031E-7,4200.0,80.35714285714286,59.37310056054569,-50.8226691042047,50.53956834532375,4200.0,331968.0
4300.0,3.893922835,3.3060063143344806E-7,4300.0,80.72093023255815,59.85354602420928,-51.27737226277369,50.35928143712576,4300.0,331968.0
4400.0,3.961336344,3.3638998826936925E-7,4400.0,80.86363636363636,60.122002045997036,-50.896057347670265,50.70257611241217,4400.0,331960.0
4500.0,4.024549505,3.4181823392517245E-7,4500.0,81.0,60.357872334112,-52.40641711229937,50.890292935094784,4500.0,331936.0
4600.0,4.086380488,3.471277890803686E-7,4600.0,81.28260869565217,60.7000522729194,-53.202846975089024,50.71551230681166,4600.0,331936.0
4700.0,4.149721477,3.525670115924896E-7,4700.0,81.46808510638299,61.08614679373501,-54.15929203539823,51.31358300726663,4700.0,331936.0
4800.0,4.213055994,3.5800410541076007E-7,4800.0,81.47916666666667,61.00171631929023,-54.072790294627325,51.01928374655649,4800.0,331840.0
4900.0,4.277724112,3.6355581903874666E-7,4900.0,81.61224489795919,61.0898062325407,-54.545454545454554,50.79191698525397,4900.0,331848.0
5000.0,4.349460514,3.697143400058502E-7,5000.0,81.78,61.17866846668099,-54.14551607445015,50.462207721587816,5000.0,331848.0
5100.0,4.412325979,3.751112971087338E-7,5100.0,82.05882352941177,61.554887904878555,-54.300168634064036,50.59395248380129,5100.0,331848.0
5200.0,4.475250521,3.805133259315954E-7,5200.0,82.36538461538461,61.945591868787155,-53.601340033500854,50.5926724137931,5200.0,331848.0
5300.0,4.568399815,3.885101290075274E-7,5300.0,82.62264150943396,62.24129800885174,-52.73631840796025,50.53705692803435,5300.0,331848.0
5400.0,4.645962286,3.951688140070045E-7,5400.0,82.55555555555556,61.96022829247282,-54.67980295566501,50.000000000000014,5400.0,331848.0
5500.0,4.73126397,4.024919051406139E-7,5500.0,82.67272727272727,62.00207971828111,-54.95934959349591,49.789251844046376,5500.0,331848.0
5600.0,4.800853481,4.084661169861422E-7,5600.0,82.94642857142858,62.29607591545524,-54.781199351701694,49.73684210526317,5600.0,331848.0
5700.0,4.86595259,4.14054830896219E-7,5700.0,83.03508771929825,62.329876531059966,-54.226475279106836,49.713988559542386,5700.0,331848.0
5800.0,4.930745849,4.19617287793325E-7,5800.0,83.17241379310344,62.4342808953287,-52.73865414710477,49.66477565755545,5800.0,331848.0
5900.0,4.995639201,4.2518833760591016E-7,5900.0,83.23728813559322,62.49202929106973,-52.859350850077256,49.72038637519066,5900.0,331848.0
6000.0,5.060622313,4.307670932530032E-7,6000.0,83.35000000000001,62.609308822406575,-52.05479452054787,49.723200805234036,6000.0,331848.0
6100.0,5.133042692,4.3698418329535257E-7,6100.0,83.24590163934427,62.41196729837538,-52.30998509687033,49.58066107548102,6100.0,331840.0
6200.0,5.200005737,4.4273277624699804E-7,6200.0,83.14516129032258,62.148475656778565,-51.669085631349866,49.39467312348667,6200.0,331840.0
6300.0,5.26922287,4.486748764441576E-7,6300.0,83.25396825396825,62.334957239848556,-50.9298998569385,49.69003338102051,6300.0,331840.0
6400.0,5.338512553,4.546232048589653E-7,6400.0,83.484375,62.744820303015544,-49.504950495049506,50.11798017932987,6400.0,331840.0
6500.0,5.406572369,4.6046595257971017E-7,6500.0,83.64615384615385,63.10829007631958,-48.87955182072832,50.67285382830627,6500.0,331840.0
6600.0,5.476510887,4.664699816919366E-7,6600.0,83.57575757575758,62.93533266191703,-50.13850415512463,50.50228310502284,6600.0,331840.0
6700.0,5.546585438,4.72485688862486E-7,6700.0,83.73134328358209,63.26032587079771,-49.11080711354304,50.9671614934773,6700.0,331840.0
6800.0,5.616587957,4.784953571618742E-7,6800.0,83.91176470588235,63.543480397955896,-48.037889039242266,51.226036558181,6800.0,331848.0
6900.0,5.703779843,4.859807208422592E-7,6900.0,84.1159420289855,63.759410098427146,-47.90823211875851,51.18040089086858,6900.0,331848.0
7000.0,5.793386148,4.936733607397436E-7,7000.0,84.11428571428571,63.71911848644217,-48.46461949265685,51.2066695919263,7000.0,331848.0
7100.0,5.862471398,4.99604282123877E-7,7100.0,84.26760563380282,63.88878618566102,-48.537234042553116,51.26527050610821,7100.0,331848.0
7200.0,5.933705655,5.05719694286736E-7,7200.0,84.44444444444444,64.12474658431017,-48.738379814076985,51.40997830802603,7200.0,331848.0
7300.0,6.00672438,5.11988604044848E-7,7300.0,84.42465753424658,64.05232947626693,-50.19815059445178,51.34788189987163,7300.0,331864.0
7400.0,6.077840375,5.180941578601653E-7,7400.0,84.63513513513513,64.2767010621629,-50.1981505944518,51.34788189987163,7400.0,331864.0
7500.0,6.14676692,5.240117398303168E-7,7500.0,84.81333333333333,64.45527210389005,-50.06587615283278,51.303976058144485,7500.0,331864.0
7600.0,6.217964626,5.301243088172252E-7,7600.0,85.01315789473685,64.66342817487856,-50.06587615283259,51.30397605814452,7600.0,331864.0
7700.0,6.290152105,5.363217038353781E-7,7700.0,85.18181818181819,64.81067126196942,-50.329380764163446,51.21846943138093,7700.0,331856.0
7800.0,6.373337748,5.434633064602605E-7,7800.0,85.37179487179488,65.0041893679237,-50.32938076416337,51.21846943138092,7800.0,331856.0
7900.0,6.443489088,5.494858961261601E-7,7900.0,85.55696202531645,65.190770902838,-50.329380764163375,51.21846943138092,7900.0,331856.0
8000.0,6.516364197,5.5574232513186E-7,8000.0,85.6625,65.214986245211,-51.11989459815543,50.961949551090214,8000.0,331856.0
8100.0,6.587524963,5.618515754174441E-7,8100.0,85.8395061728395,65.38987141797257,-51.119894598155405,50.96194955109022,8100.0,331856.0
8200.0,6.659183107,5.680033779888599E-7,8200.0,86.01219512195122,65.5588046773292,-51.119894598155526,50.961949551090214,8200.0,331848.0
8300.0,6.727851467,5.73898509652093E-7,8300.0,86.13253012048193,65.62047957511085,-51.64690382081676,50.790936297563086,8300.0,331848.0
8400.0,6.798178591,5.799360450683534E-7,8400.0,86.27380952380952,65.7286113088364,-51.910408432147705,50.70542967079948,8400.0,331848.0
8500.0,6.868490459,5.859722707674652E-7,8500.0,86.38823529411765,65.78220804250499,-52.43741765480894,50.53441641727232,8500.0,331848.0
8600.0,6.938358351,5.919703814311325E-7,8600.0,86.54651162790698,65.93166831218538,-52.437417654809,50.53441641727234,8600.0,331848.0
8700.0,7.007230204,5.978829828290082E-7,8700.0,86.70114942528735,66.07643709135283,-52.43741765480894,50.53441641727237,8700.0,331848.0
8800.0,7.086385124,6.046783784841932E-7,8800.0,86.82954545454545,66.22318423783922,-51.900393184796926,50.57569296375266,8800.0,331848.0
8900.0,7.159509666,6.10956070319321E-7,8900.0,86.97752808988764,66.41524305360656,-51.50326797385615,50.70182900893238,8900.0,331848.0
9000.0,7.232362363,6.172104244474321E-7,9000.0,87.07777777777778,66.45098542497726,-52.02614379084976,50.53168864313058,9000.0,331848.0
9100.0,7.301204065,6.231205798777938E-7,9100.0,87.15384615384615,66.43583169875536,-52.81045751633987,50.27647809442789,9100.0,331856.0
9200.0,7.372261478,6.292209571652321E-7,9200.0,87.20652173913044,66.37090638053388,-53.85620915032667,49.93619736282434,9200.0,331856.0
9300.0,7.444921962,6.354589603175265E-7,9300.0,87.09677419354838,66.13805623704235,-54.241645244215995,49.622166246851386,9300.0,331856.0
9324.0,7.467749912,6.374187714310943E-7,9324.0,87.1085371085371,66.148963134079,-53.70843989769819,49.64390448261416,9324.0,331856.0
